Id station: 137, location: East demo station
45.444092  102.0
01/01/2021 -> 31/12/2022
T_max   T_min   P_tot   U_max   U_min   V_med   RG_CORR
    2.800    0.300    9.400   99.000   99.000    1.099    2.446
    3.800    1.300   15.800   99.000   99.000    1.085    2.227
    8.000    1.600    6.000  100.000   94.200    0.942    4.201
    6.800    4.300    5.600   99.000   99.000    1.204    3.624
    6.900    3.000    8.400   99.000   93.500    1.129    2.243
    6.000    2.400    1.400   99.000   92.200    0.972    3.418
    7.800    1.900    0.000   99.000   79.800    0.890    3.995
    7.100   -2.900    0.000  100.000   66.800    0.726    8.394
    5.000   -2.500    0.000   99.000   72.300    0.995    5.101
    4.900   -3.400    0.000   99.000   65.500    0.913    4.375
    5.400   -5.600    0.000   99.300   61.500    0.838    8.522
    5.400   -5.300    0.000   99.200   65.700    1.047    7.156
   12.000   -3.100    0.000   99.000   58.300    1.459    8.952
    8.100   -3.400    0.000   99.000   66.500    1.675    8.489
    6.800   -2.300    0.000   99.000   59.200    0.950    3.646
    7.400   -4.300    0.000   99.000   51.700    1.047    9.356
    3.900   -2.700    0.000   99.000   85.800    0.890    5.750
    0.300   -5.200    0.000   99.000   99.000    0.883    4.882
    1.200   -3.800    0.000   99.000   99.000    0.845    3.067
    2.700    1.000    2.400   99.000   99.000    0.920    2.319
    3.900    2.400    0.600   99.000   99.000    0.561    1.699
    4.900    3.200   22.000   99.200   99.000    1.010    1.592
   10.300    0.800   11.600   99.200   83.000    1.832    5.953
   10.000   -0.900    0.000  100.000   36.300    1.406    7.238
    7.900   -1.800    0.000   95.500   51.500    1.758    8.114
   10.100   -0.900    0.000   70.200   27.700    2.580   10.395
    8.700   -5.200    0.000   97.000   35.000    0.845    6.631
    8.400   -1.700    0.000   99.000   68.500    0.920    7.433
    6.400   -1.500    0.000   99.000   72.200    1.152    5.057
    9.700    2.100    3.200   98.800   66.700    1.601    5.961
   13.000    2.900    5.600   99.000   72.700    1.384    7.573
    9.000    1.800    0.000   99.000   73.000    1.062    5.735
    6.000   -0.500    0.000   99.000   99.000    0.711    4.826
    6.600    4.600    4.800   99.000   99.000    0.748    1.998
   10.000    5.900    0.800   99.000   96.000    1.077    3.562
   10.900    7.400    0.000   99.000   95.200    0.568    3.496
   11.000    8.100    0.000   99.000   96.000    0.808    2.516
    9.100    7.300   24.800   99.000   99.000    1.279    2.293
   13.800    4.000    0.200   99.300   40.700    1.571   10.311
   11.700    7.000    1.400   99.000   82.700    0.980    5.971
    8.600    3.700   14.800   99.000   98.300    1.765    3.551
   14.400    0.100    0.000   99.300   58.700    1.309   10.918
    5.700    0.000    0.000   86.200   53.200    2.401    3.588
    2.700   -3.000    0.000   88.800   41.500    1.511    9.289
    6.700   -5.900    0.000   95.000   38.700    1.369   13.711
    8.700   -5.800    0.000   98.700   38.800    0.957   12.600
   11.800   -3.100    0.000   97.000   58.300    1.167    9.650
   14.000    3.900    0.000   99.000   65.700    1.227   10.063
   11.300    5.000    0.600   99.000   61.700    1.189    6.376
   11.700    7.100    0.000   99.000   90.300    0.927    4.500
   12.600    7.700    0.000   99.000   89.200    0.733    5.281
   14.400    5.700    0.000   99.000   77.800    1.174    9.165
   13.100    2.800    0.000   99.000   88.800    0.860    9.718
   18.000    2.000    0.000   99.000   53.200    0.553   11.562
   21.100    1.100    0.000   99.000   39.800    0.838   14.019
   21.400    2.000    0.000   99.000   39.300    0.815   14.408
   20.900    2.500    0.000   99.000   42.300    0.972   14.473
   19.600    4.000    0.000   95.200   43.200    1.473   13.971
   14.400    2.200    0.000   91.300   39.800    1.571   15.488
   17.300   -0.300    0.000   97.500   32.200    1.085   16.098
   17.300   -0.600    0.000   97.000   34.800    1.032   15.735
   15.300    2.000    0.000   95.700   48.200    0.987   10.321
   15.300   -0.100    0.000   99.000   56.000    1.257   11.695
   17.600    5.800    0.000   93.300   41.300    1.159   14.831
   10.200    3.000    0.000   91.700   54.000    2.319    7.426
   13.200   -1.900    0.000   95.000   42.500    0.972   16.512
   13.900   -1.500    0.000   96.000   46.500    1.249   15.626
   15.000   -0.500    0.000   96.000   40.200    1.369   14.467
   15.700    0.800    0.000   95.700   34.700    1.099   16.732
   12.100    1.200    0.000   91.300   56.200    1.055    5.990
   17.500    4.000    0.000   96.800   53.000    1.055   14.748
   17.500    0.700    0.000   98.700   38.200    1.227   16.432
   16.500    1.200    0.000   96.000   13.800    3.156   17.103
   17.400   -1.900    0.000   97.000   23.800    2.992   19.034
   17.200    7.000    0.000   34.000   12.200    4.271   19.942
   17.200    2.600    0.000   55.300   15.000    2.191   19.322
   12.500   -0.200    3.200   92.000   39.000    1.645   15.953
   11.300    0.600    0.000   91.800   40.300    1.713   16.876
   13.100   -2.500    0.000   97.000   23.500    1.286   18.967
   11.800   -3.300    0.000   88.700   26.200    1.025   18.885
   17.100   -3.500    0.000   90.800   21.000    1.242   19.236
   15.700    0.800    0.000   81.500   30.300    1.728   20.147
   18.900    0.000    0.000   88.200   32.300    1.085   20.064
   20.000    1.400    0.000   91.700   32.800    1.182   19.343
   20.200    2.500    0.000   95.000   36.800    1.144   18.235
   17.200    6.600    0.000   91.300   56.700    1.025    9.624
   21.000    5.400    0.000   93.300   39.800    1.085   17.362
   23.700    3.900    0.000   93.800   33.500    0.980   20.156
   25.200    6.900    0.000   90.200   34.500    1.204   20.110
   26.600    7.700    0.000   90.000   28.300    1.159   20.348
   27.800    8.000    0.000   89.800   24.700    1.533   20.200
   28.100    7.400    0.000   78.000   20.200    1.862   20.730
   21.300   11.500    0.000   66.000   45.200    2.416   18.192
   17.300    5.800    0.000   80.800   29.700    1.765   21.271
   17.900    4.000    0.000   70.700   28.300    1.720   19.929
   17.100    0.000    0.000   91.700   17.000    1.855   17.727
   13.000    0.200    0.000   92.000    8.700    3.209   22.921
   17.600   -3.200    0.000   72.700   22.500    1.713   23.842
   16.500    1.600    0.000   86.000   39.000    1.212   14.204
   16.200    6.900    0.600   88.500   41.700    1.279    9.331
   12.100    8.800   12.000   96.000   78.000    1.563    4.647
   12.200    9.500    5.400   96.000   82.800    1.182    5.162
   15.500    5.800    0.000   96.000   46.300    1.414   18.645
   15.800    2.400    0.000   95.000   23.800    1.399   22.707
   12.000    3.000    0.000   93.000   48.700    2.461   18.052
   15.500    2.000    0.000   93.000   31.500    1.324   19.986
   16.700    1.800    0.000   90.800   38.000    1.272   23.655
   16.700    7.600    0.000   85.200   37.700    1.391   19.419
   19.300    5.700    0.000   91.000   31.000    1.144   21.443
   21.800    3.600    0.000   93.200   23.800    1.197   24.750
   21.100    5.500    0.000   90.500   33.000    1.713   21.586
   21.000    7.500    0.000   88.200   39.300    1.182   22.629
   22.800    7.000    0.000   92.000   36.200    1.346   23.276
   24.300    8.300    0.000   88.000   28.200    1.249   24.904
   26.100    8.200    0.000   86.200   29.300    1.399   23.800
   17.400   11.800    0.000   85.300   56.500    1.369    5.902
   16.300   10.400    0.800   89.800   64.500    1.174    9.441
   20.200   11.300    2.000   91.000   46.800    0.942   16.749
   16.300   13.300   18.000   94.000   83.000    1.511    6.287
   20.200   13.000    7.600   94.000   68.500    1.316   11.289
   19.300   11.300   32.800   95.000   76.000    1.818    8.122
   22.900   10.800    0.200   94.000   38.500    1.803   22.843
   21.300    9.500    0.000   93.000   36.800    1.645   24.245
   22.700    6.700    0.000   93.800   33.200    1.488   25.993
   21.700    9.000    0.000   88.700   49.200    1.286   21.404
   21.300    6.700    0.000   85.800   49.200    2.334   21.909
   25.600   10.700    0.000   90.000   20.200    1.847   25.739
   22.400   10.800    0.000   86.700   39.800    1.488   23.835
   25.100    8.800    0.000   90.000   38.300    1.197   23.749
   25.200   12.900    2.200   79.200   36.200    1.690   17.324
   17.100   13.500   15.000   90.700   62.300    2.147    5.516
   24.100   11.200    9.200   98.000   43.500    1.601   24.605
   23.900   12.000    0.200   98.000   42.200    1.556   23.662
   22.400    9.000   12.400   95.000   42.800    1.369   20.296
   20.400    9.600    0.000   95.500   50.200    1.099   18.016
   19.500   11.500    0.000   92.000   63.300    1.010    8.784
   25.100   11.800    1.600   93.000   22.500    1.975   28.602
   25.800    7.200    1.400   90.200   22.500    1.234   25.730
   25.000    9.400    0.000   94.000   22.700    1.354   27.324
   25.900    7.400    0.000   92.000   14.800    1.070   29.362
   24.400   11.100    0.400   81.700   29.200    1.511   22.952
   21.100   13.600    0.400   85.000   51.000    1.616   14.182
   26.200   13.500    0.000   90.700   27.000    1.533   24.551
   16.000   13.300   29.600   93.500   69.800    1.331    4.166
   24.300   10.300    0.000   94.800   23.200    1.735   29.112
   24.400    8.800    0.000   91.500   38.200    1.212   28.048
   27.000    9.800    0.000   92.800   33.800    1.234   28.000
   27.400   11.100    0.000   90.000   39.700    1.272   28.152
   28.300   12.700    0.000   85.300   33.200    1.720   23.717
   26.000   13.600    0.000   85.200   33.000    1.788   28.404
   25.600   14.300    0.000   83.200   35.700    1.758   22.557
   27.900   15.000    0.000   83.800   32.800    1.406   27.616
   27.000   13.100    0.000   83.800   32.800    1.436   21.776
   30.000   15.500    0.000   86.500   27.500    1.062   28.498
   31.500   13.400    0.000   87.500   27.500    1.077   27.480
   28.600   17.100    0.000   82.300   38.800    1.047   19.445
   30.100   16.200    9.600   91.000   38.500    1.638   25.465
   28.000   17.000    0.200   93.000   47.500    1.047   19.760
   28.800   17.300    0.000   91.000   47.000    0.860   21.167
   31.100   14.500    0.000   92.000   34.700    1.189   26.664
   30.800   15.400    0.000   88.800   38.000    1.324   27.064
   31.400   18.000    3.400   88.800   36.200    1.496   25.218
   32.700   15.600    0.000   91.300   36.200    1.257   27.976
   36.100   18.700    0.000   80.700   29.500    1.503   29.380
   31.900   18.800    0.000   86.800   41.700    1.728   28.519
   31.500   19.200    0.000   86.300   34.300    1.488   27.620
   31.300   17.300    0.000   87.800   40.300    1.249   21.422
   33.900   18.200    0.000   89.000   41.500    1.002   25.634
   34.300   20.700    0.000   88.000   34.200    1.122   26.780
   32.100   17.500    0.000   84.500   34.800    1.391   21.855
   32.800   18.500    0.000   88.200   40.300    0.935   17.686
   33.900   19.000    0.000   90.000   34.300    1.242   24.583
   33.400   18.800    1.000   85.500   33.700    1.242   27.589
   32.800   16.400    3.000   90.800   38.300    1.167   23.987
   31.900   15.100    0.000   89.500   33.500    0.927   27.667
   31.700   14.800    0.000   88.300   30.200    1.518   28.951
   32.400   16.000    0.000   87.000   34.300    0.905   28.496
   34.000   17.300    0.000   89.000   34.500    0.950   26.647
   34.300   18.800    0.000   86.300   34.000    1.339   26.907
   34.200   18.300    0.000   86.500   34.200    1.526   27.363
   31.000   16.200    0.000   89.800   33.300    1.466   26.860
   32.800   15.100    0.000   89.000   29.300    1.638   29.057
   32.600   16.800    0.000   86.700   31.200    1.092   28.462
   32.500   18.100    0.000   86.800   38.800    1.070   20.509
   26.500   16.900    5.000   91.000   62.800    1.025   10.503
   31.100   14.500    0.000   91.000   37.000    0.883   24.917
   32.700   15.900    0.000   87.700   39.700    1.197   26.636
   34.800   18.700    6.200   89.000   37.000    1.279   26.567
   32.200   17.300   27.600   90.200   47.800    1.645   17.314
   31.600   14.400    0.000   88.300   28.800    1.459   29.769
   32.700   14.300    0.000   89.500   31.700    1.010   27.931
   32.900   17.600    0.000   85.300   30.700    1.159   28.994
   32.400   17.500    0.000   87.700   43.200    1.152   24.793
   29.300   16.000    0.000   85.500   33.000    2.221   18.471
   25.300   14.300    1.200   89.000   46.300    1.227   23.802
   27.900   16.500    0.000   86.800   45.500    1.144   18.783
   29.900   16.100    6.200   87.500   43.000    1.339   22.696
   31.200   17.000    0.000   90.000   50.000    1.406   20.272
   33.000   17.300    0.000   90.000   41.800    0.898   22.571
   34.600   19.500    0.000   85.000   28.300    1.339   27.140
   35.000   19.500    0.000   84.200   35.800    1.219   26.925
   34.400   18.400    0.000   88.000   40.200    1.144   25.613
   33.400   19.800    0.000   87.000   42.500    1.421   25.414
   33.300   19.300    0.000   88.000   43.000    0.883   24.611
   32.800   21.800    0.000   85.000   47.000    1.369   21.937
   31.900   20.700    0.000   88.000   49.200    1.885   19.022
   29.700   18.700    1.200   87.500   56.300    1.616   16.146
   30.700   19.700    0.000   87.300   53.300    1.616   18.190
   31.000   18.600    0.000   89.000   52.500    1.137   18.231
   34.000   17.400    0.000   86.800   36.700    1.152   25.597
   32.500   18.900    0.000   88.700   46.300    1.159   21.457
   33.300   20.600    0.600   87.500   41.500    1.242   20.177
   29.600   16.400    5.200   89.300   50.800    1.369   17.454
   30.000   15.800    0.000   90.800   38.700    1.070   23.528
   29.900   15.800    0.000   87.800   41.300    1.144   21.596
   25.100   18.800    1.600   86.700   62.700    1.301    8.979
   31.500   15.700    0.800   89.700   30.000    1.683   25.950
   31.900   15.900    0.000   89.000   38.200    0.868   26.425
   30.200   18.500    0.000   86.800   50.300    1.339   16.856
   33.100   18.100    0.000   89.700   38.000    0.920   21.240
   32.900   17.000    0.000   87.000   37.000    0.927   25.687
   33.600   17.100    0.000   89.000   34.200    0.860   23.485
   35.500   17.400    0.000   89.000   33.500    0.838   24.952
   36.300   19.000    0.000   86.300   32.700    1.122   24.489
   37.100   22.200    0.000   86.300   36.500    1.032   23.166
   37.700   20.300    0.000   86.800   32.700    0.853   23.715
   37.600   21.300    0.000   85.500   33.200    1.144   23.465
   35.200   17.000   22.600   99.000   41.500    1.601   22.183
   31.700   15.300    0.000   99.000   30.800    1.212   24.917
   29.800   16.300    0.000   88.000   35.300    1.496   24.658
   30.400   15.900    0.000   87.000   35.800    1.272   21.663
   32.300   18.300    0.000   84.700   32.700    1.174   21.669
   33.700   17.200    0.000   87.000   34.200    1.152   22.456
   33.200   18.600    0.000   85.500   35.000    1.346   20.368
   30.000   18.900    0.000   90.800   43.500    1.870   20.181
   29.800   16.700    0.000   91.000   35.300    1.249   20.813
   29.700   17.000    0.000   84.700   36.200    1.294   21.960
   30.400   15.200    0.000   89.800   36.300    1.526   22.781
   24.000   17.000    0.000   85.300   53.000    2.206   13.198
   27.200   16.100    0.600   87.200   35.500    1.354   21.952
   28.400   12.100    0.000   93.500   31.500    1.249   23.029
   29.000   13.100    0.000   87.500   36.200    1.331   21.280
   28.500   16.300    0.000   85.000   40.800    1.242   20.146
   30.300   14.000    0.000   87.000   31.700    1.197   22.219
   29.400   15.900    0.000   85.000   33.500    1.743   21.558
   29.200   16.300    0.000   82.300   32.500    1.167   20.603
   29.700   16.300    0.000   81.500   34.800    1.219   18.312
   30.500   15.300    0.000   86.200   36.500    1.272   19.971
   30.600   17.200    0.000   80.200   27.000    1.286   19.377
   30.200   15.700    0.000   83.000   26.800    1.354   18.426
   30.000   16.200    0.000   75.800   26.200    1.451   19.173
   29.800   16.000    0.000   78.300   26.700    1.167   17.854
   30.100   15.900    0.000   80.500   31.800    0.942   15.586
   31.200   18.300    0.000   81.700   30.500    1.047   17.994
   31.300   15.700    0.000   85.000   31.300    1.017   18.870
   32.400   14.300    0.000   84.700   28.700    1.114   18.512
   29.400   15.700    0.000   85.800   47.700    1.062   13.815
   29.700   18.300    0.000   89.700   45.300    0.995   11.668
   29.200   18.500   44.600   99.000   49.200    1.406    9.045
   28.400   18.100    0.000   99.200   51.700    1.017   16.858
   27.700   18.600    4.000   92.300   54.700    1.331   12.901
   23.800   13.900    7.400   91.000   61.700    2.835   12.522
   24.600   11.100   14.600   93.500   45.700    1.548   17.286
   25.300   14.500    0.000   94.000   43.800    1.137   16.169
   25.400   13.000    0.000   93.800   45.200    1.144   16.161
   25.200   13.800    0.000   93.000   43.700    0.935   17.017
   27.100   11.500    0.200   95.000   41.200    0.965   17.655
   25.500   14.700    0.000   92.200   56.500    0.980   11.096
   20.500   15.000   20.800   96.000   85.300    1.294    2.910
   24.200   15.200    0.200   98.000   64.000    0.913   10.617
   26.900   14.400    0.000   98.000   54.500    0.935   15.277
   27.900   15.700    0.000   91.700   41.000    1.204   16.404
   25.200   14.600    0.000   92.700   47.800    1.496   14.586
   24.500   11.400    0.000   89.300   44.200    1.346   16.576
   24.100   14.400    0.000   91.000   44.000    1.174   15.770
   18.300   16.000    5.000   94.500   86.800    1.788    6.734
   21.400   17.600   44.600   99.000   79.000    2.513    4.991
   21.400   15.200    6.200   99.000   59.500    1.997    7.608
   15.400    9.800   31.000   98.000   78.300    1.369    7.304
   20.800    8.200    0.200   97.000   58.200    0.808   10.797
   22.000   11.800    0.000   97.000   45.700    0.950    9.493
   19.600   12.200    0.000   89.800   41.500    1.010   12.479
   19.200    7.700    0.000   94.000   42.300    0.823   14.975
   20.500    5.100    0.000   96.000   42.300    0.905   15.206
   18.700    7.400    0.000   94.800   52.700    1.286   12.942
   19.600    6.300    0.000   96.800   48.000    1.197   14.418
   18.000    6.400    0.000   95.300   43.500    1.234   14.689
   18.700    4.200    0.000   97.800   42.000    0.950   14.192
   20.000    4.000    0.000   98.000   42.500    0.942   13.852
   20.400    5.200    0.000   97.700   40.700    0.815   13.881
   20.700    5.000    0.000   98.200   46.000    0.838   13.198
   19.900    7.100    0.000   98.700   54.700    0.808   10.251
   19.000    7.700    0.000   99.000   65.000    0.785    6.812
   15.800   10.700    0.800   99.000   93.500    0.987    2.733
   20.500    9.500    0.200   99.200   65.800    0.763   10.237
   19.400    9.500    0.000   99.000   64.700    0.853    7.418
   17.500    8.100    0.200   99.000   49.200    1.070   10.890
   15.800    6.100    0.000   99.000   47.000    0.883    7.307
   17.500    2.800    0.000   99.000   45.800    0.950   12.059
   19.800    4.200    0.000   99.000   43.200    0.995   12.330
   18.600    3.700    0.000   99.000   47.000    0.883   11.746
   17.800    4.600    0.000   99.000   55.000    0.987   10.538
   14.200    6.800    0.400  100.000   79.700    0.950    4.932
   13.700   10.000    0.000   99.200   93.500    0.898    5.075
   11.300    8.800    1.600   99.000   99.000    1.144    1.683
   13.300    5.400    0.000  100.000   98.800    1.234    9.260
   13.000    7.100   14.200   99.000   99.000    1.623    2.267
   16.200    5.200    8.200   99.000   68.700    1.511   10.626
   15.200    2.300    0.000   99.700   53.000    1.092   10.826
   15.700    0.800    0.000   99.000   41.300    0.957   10.580
   14.500    1.300    0.000   99.000   54.200    1.010    9.176
    9.500    3.800    3.000   99.000   98.200    1.204    2.230
   13.600    2.800    0.000   99.300   69.500    0.733    6.236
   15.000    9.500    0.000   99.000   67.500    0.957    5.624
   15.500    6.900    0.000   99.000   83.300    1.047    4.440
   16.400    5.800    0.000   99.500   82.000    0.815    6.804
   11.900    7.500   16.400   99.000   99.000    0.972    4.853
   11.600   10.600   32.200   99.000   99.000    1.645    1.858
   13.000    9.900    5.400   99.000   98.000    1.010    2.468
   13.700    7.700    4.200   99.000   79.800    0.815    5.573
   13.100    8.500    2.600   99.000   92.000    0.987    3.790
   15.300    7.100    0.000  100.000   92.000    0.898    6.456
   13.200    9.100    0.000   99.000   92.300    1.444    3.251
    9.500    6.700    0.000   99.000   95.500    1.279    3.309
    9.100    6.500    1.600   99.000   99.000    1.242    3.027
   10.400    7.400   11.800   99.000   97.500    0.980    2.720
   15.000    7.500    1.400   99.000   54.000    1.010    6.465
   12.800    2.100    0.000  100.000   62.700    0.942    8.269
    6.000    4.700    9.600   99.000   93.700    1.249    1.822
   11.400    4.800    0.000   99.000   81.700    1.429    7.830
   12.000    6.600   11.000   99.000   83.800    1.376    5.305
    7.100   -0.600    1.200   99.000   89.500    1.272    5.527
    9.200   -2.700    0.000   99.000   32.700    1.907    8.809
   11.300   -0.600    0.000   80.800   29.500    2.438    8.457
    7.500   -1.200    0.400   98.300   52.300    1.451    5.852
    9.200    1.900    0.400   99.000   87.300    0.935    5.600
   11.100   -0.400    0.000   99.000   71.500    1.085    7.939
    4.300   -1.700    0.000   99.000   91.800    1.047    3.043
    8.200   -1.400    0.000   99.500   67.700    1.092    7.659
    4.700   -2.900    0.000   99.000   97.200    1.032    6.865
    7.600   -4.200    0.000   99.200   68.700    1.099    8.208
    2.300   -0.200   14.000   99.000   99.000    1.473    1.568
    2.800    0.200    0.000   99.800   99.000    1.055    4.465
    3.100   -1.500    0.600  100.000   99.000    1.159    2.383
    6.500   -2.800    0.000  100.000   91.500    1.070    8.663
    8.100   -4.600    0.000   99.300   81.800    1.070    8.644
   11.300   -2.200    0.000   99.700   61.000    0.905    7.385
    9.400   -2.800    0.000   99.700   87.300    0.965    7.158
    9.600   -2.100    0.000   99.700   88.000    0.898    5.114
    5.500   -3.200    0.000   99.500   99.000    0.860    4.734
    4.000   -1.800    0.000   99.000   99.000    1.354    4.574
    2.400   -1.200    0.000   99.200   99.000    0.920    3.668
    2.900   -1.000    0.000  100.000   99.000    1.301    4.213
    9.900   -1.200    0.000  100.000   93.300    1.862    6.806
    6.700    1.000    0.000   99.700   99.000    0.927    3.258
    8.200   -2.500    0.000  100.000   86.500    0.890    5.727
    3.900    1.200    0.000  100.000   99.000    1.219    3.459
    4.800    3.700    0.000   99.200   99.000    0.770    1.682
    5.900    3.600    4.400   99.000   98.700    0.815    2.016
    5.800    0.800    0.000   99.800   99.000    0.815    3.727
    6.500    1.900    1.800   99.000   99.000    0.726    2.138
    8.400    1.300    0.000   99.000   99.000    1.040    2.961
    5.600    2.700    0.000  100.000   99.000    1.122    4.361
    5.600    3.500    0.000  100.000   99.000    0.890    3.287
    5.100    1.100    0.000  100.000   99.000    0.883    4.320
    5.500   -0.700    0.000  100.000   99.000    0.673    4.646
    9.700   -1.300    0.000  100.000   99.000    0.823    4.486
    5.500    1.400    0.000  100.000   99.300    1.159    2.001
    7.300    5.600    3.800  100.000  100.000    0.696    0.732
    7.700    4.800   13.200  100.000  100.000    1.062    1.061
    8.400   -0.800    0.000  100.000   87.200    1.204    5.630
    7.200   -3.100    0.000  100.000   59.500    1.309    6.122
    3.900   -3.300    0.000  100.000   95.000    1.189    5.269
    5.800   -3.200    0.000  100.000   88.300    1.144    4.725
    1.900   -4.400    0.000  100.000   99.000    1.159    4.992
    8.400   -5.300    0.000  100.000   75.000    0.987    7.886
    8.200   -4.800    0.000   99.000   63.200    1.152    7.720
    8.800   -6.000    0.000   99.300   57.300    0.905    8.013
   10.300   -4.000    0.000   99.300   48.000    1.174    7.838
   12.300   -3.800    0.000   99.000   44.300    0.972    7.688
   11.700   -2.800    0.000   99.000   60.200    1.264    7.462
   12.400   -2.100    0.000   99.000   48.000    1.473    8.197
   11.700   -2.400    0.000   99.000   68.500    0.987    7.211
    9.100   -2.700    0.000   99.000   83.300    0.905    5.761
    6.800   -1.500    0.400   99.000   96.800    0.995    4.335
    4.400   -3.400    0.000   99.300   99.000    1.062    4.664
    6.400   -2.600    0.000  100.000   85.000    1.466    5.324
    7.300   -3.500    0.000   99.000   86.300    1.122    6.164
    2.000   -5.100    0.000   99.000   99.000    1.017    4.252
    3.800   -1.700    0.000  100.000   99.000    1.503    4.437
    4.300   -1.900    0.000  100.000   99.000    1.017    2.557
    2.900    0.800    0.000  100.000   99.000    1.040    3.350
    9.600   -2.300    0.000  100.000   79.000    2.005    8.733
   11.000   -5.000    0.000   99.700   38.500    0.913    8.401
   16.100   -1.900    0.000   99.000   54.000    2.371    9.595
   11.600   -1.700    0.000   99.000   30.800    2.393    7.874
   16.300    4.700    0.000   49.200   14.800    3.657   10.108
   19.300    2.100    0.000   72.000   24.800    3.269   10.135
   13.100   -0.800    0.000   98.200   57.700    1.653    8.509
   11.600    2.700    0.000   99.000   85.000    1.017    4.927
    7.900   -1.100    0.000  100.000   99.000    0.890    5.433
    8.000   -2.000    0.000  100.000   99.000    1.107    4.013
   14.300    1.800    0.000  100.000   13.300    3.979   11.265
   14.600   -4.700    0.000   80.200   17.500    1.047   11.166
   15.600   -2.400    0.000   96.500   51.800    1.421   10.800
   12.600    2.800    0.000   99.000   76.200    0.830    5.292
   14.500    2.800    0.000   99.000   37.700    1.526    6.200
   12.100   -0.700    0.000   99.000   28.000    1.511   11.607
   10.900   -3.800    0.000   90.500   37.700    1.286   11.589
    6.600   -2.400    0.000   99.000   65.800    1.242    2.709
    4.700   -1.300   13.200   99.000   99.000    1.414    2.334
   10.600   -2.200    0.000   99.700   84.700    1.182    8.670
   16.700    0.100    0.000   99.700   66.200    1.309   11.575
   11.800   -0.600    0.000   99.200   79.200    1.242    6.950
   13.300    7.300    1.200   99.000   88.200    1.167    5.779
   15.700    4.500    0.000   99.000   71.000    1.182    9.804
   16.800    3.700    0.000   99.000   20.800    2.932   11.742
   19.300    2.700    0.000   74.700   15.800    3.538   14.192
   17.100   -0.400    0.000   90.500   31.200    1.249   14.052
   15.000    0.600    0.000   94.200   43.500    1.032   10.144
   17.000   -0.200    0.000   99.000   15.700    2.034   13.458
   14.600   -1.300    0.000   99.000   19.700    1.952   15.231
   13.100   -2.800    0.000   95.200   24.500    1.369   14.919
   13.500   -4.000    0.000   90.800   25.000    1.818   15.150
   11.600   -1.900    0.000   78.300   26.700    1.870   14.911
   13.400   -4.500    0.000   94.800   25.800    1.174   14.085
   15.000   -0.600    0.000   91.800   39.200    0.920   14.817
   13.500    0.400    0.000   92.300   38.300    1.937   13.203
   10.500   -0.400    0.000   88.200   35.000    1.675   14.215
   11.100   -2.400    0.000   88.700   29.300    1.219   14.086
   11.600   -4.500    0.000   89.800   33.700    1.257   15.761
    9.600   -2.900    0.000   88.800   32.300    1.735    9.791
   13.700   -5.700    0.000   95.000   28.300    1.137   16.890
   16.400   -2.900    0.000   90.500   32.500    1.099   16.443
   12.400    0.800    0.000   84.500   42.200    2.805   11.501
   11.400    0.000    0.000   76.800   35.500    2.102   11.983
   12.400   -3.200    0.000   82.200   32.200    1.376   16.330
   14.600    4.900    0.000   81.000   38.700    1.137    9.844
   15.300    5.000    0.000   87.800   45.000    0.972    9.224
   17.300    8.800    0.000   86.500   51.500    2.012   10.524
   14.400    6.700    0.000   89.700   58.200    1.391    5.347
   16.200    4.000    0.000   92.300   37.500    1.818    9.789
   15.000    0.200    0.000   86.700   32.500    1.847   17.288
   15.400   -1.100    0.000   83.800   27.000    1.653   18.283
   15.800    0.900    0.000   77.200   25.700    1.085   17.676
   16.300   -1.600    0.000   85.800   20.700    1.354   19.375
   20.900   -1.200    0.000   84.200   14.500    1.234   19.927
   23.000   -0.100    0.000   83.800   13.400    1.197   20.273
   22.700    0.900    0.000   74.000   14.300    1.189   19.889
   22.400    1.100    0.000   79.500   18.300    1.249   19.797
   23.000    2.300    0.000   79.200   17.500    1.189   17.153
   23.600    2.200    0.000   75.500   13.200    1.219   19.913
   19.800    3.700    0.000   85.000   33.500    1.346   16.293
   14.600    7.600    0.000   96.700   69.700    1.631    5.321
   17.900    9.400    0.000   99.000   55.500    0.913   10.722
   15.200    5.600    1.600   99.000   62.500    1.309   12.449
   10.800    2.900    0.000   95.800   56.700    2.147   10.979
   12.700    1.600    0.000   97.300   50.300    1.728   13.740
   15.200    2.600    0.000   93.300   36.000    1.257   14.673
   19.600    0.500    2.800   97.300   28.800    1.144   22.296
   18.500    2.700    0.000   96.800   42.200    1.249   18.968
   22.400    6.300    0.000   83.500   33.200    2.117   20.676
   23.400    5.300    0.000   95.300   39.800    1.159   21.016
   20.800    6.500    0.000   91.700   13.000    4.136   23.816
   18.300    1.100    0.000   94.700   20.200    1.818   24.240
   20.200    2.600    0.000   76.700   20.000    1.354   23.287
   21.200    2.400    0.000   77.000   24.300    1.025   21.847
   21.600    5.600    0.000   87.700   33.000    1.526   20.853
   25.100    5.200    0.000   92.500   24.000    1.189   23.884
   26.600    6.700    0.000   86.000   27.500    1.331   22.798
   25.400    7.000    0.000   86.300   30.200    2.229   23.038
   18.700    6.800    0.000   83.500   30.700    1.907   24.414
   20.200    3.600    0.000   73.700   25.000    1.459   25.249
   23.000    2.800    0.000   83.500   23.300    1.496   24.342
   18.200    9.300    0.000   80.700   42.800    2.169   14.319
   17.300    6.400    0.000   81.000   33.800    1.795   11.126
   17.400    8.400    0.600   93.000   55.800    1.631   11.980
   17.900    9.500    3.600   91.200   63.300    2.977    8.168
   18.600    8.800    0.800   90.800   43.800    2.005   16.025
   21.900    7.100    1.400   91.500   41.200    1.885   18.362
   20.200    9.600    3.000   93.000   57.700    1.548   13.419
   23.400    6.400    0.000   95.000   32.300    1.429   25.869
   23.400    9.900    0.000   83.300   33.000    1.818   25.647
   23.600   11.700    0.000   81.500   26.200    1.548   25.249
   23.800    9.900    0.000   80.700   24.200    1.182   18.448
   22.900   12.700    2.000   85.000   31.200    1.788   22.645
   23.600    9.800    0.000   88.300   33.500    1.578   25.074
   24.500   12.000    0.200   84.000   33.000    1.810   17.654
   25.900   13.000    0.000   91.000   31.000    1.331   16.807
   19.200   13.200   19.600   94.000   60.000    1.578    6.396
   15.600   12.700   12.600   94.000   83.800    0.905    4.471
   20.700   12.700    0.000   94.000   59.200    0.696   14.368
   22.700   12.700    0.000   94.000   50.500    1.062   15.863
   26.400   13.500    0.000   89.800   38.800    1.197   23.437
   28.400   14.000    0.000   87.700   30.700    1.055   26.883
   29.900   13.700    0.000   88.200   29.200    1.451   26.221
   30.100   14.100    0.000   84.700   34.800    1.967   26.465
   29.200   15.500    0.000   80.500   36.700    1.795   25.545
   30.500   16.900    0.000   80.000   32.300    1.279   24.938
   31.300   16.500    0.000   88.800   35.700    1.219   25.178
   31.300   15.400    0.000   80.500   30.800    1.645   27.115
   33.000   13.700    0.000   87.000   23.500    0.950   27.369
   29.800   15.700    0.000   84.000   38.800    2.304   26.798
   29.900   17.900    0.000   74.700   28.300    1.788   27.162
   32.500   15.000    0.000   72.500   30.200    1.503   27.065
   33.700   18.200    0.000   74.500   33.700    1.930   25.794
   30.900   17.600    0.000   81.800   40.500    1.556   20.507
   31.500   17.400    0.000   75.200   31.300    1.466   21.265
   31.900   16.400    0.400   84.300   28.200    1.952   21.768
   27.400   18.000    0.200   86.500   44.300    1.316   17.877
   31.200   15.000    0.000   88.500   39.500    1.466   23.337
   33.700   17.900    0.000   87.700   32.300    1.272   25.561
   32.700   16.800    0.800   88.200   36.500    2.708   24.182
   21.600   10.900    1.000   88.200   40.700    1.982   15.033
   23.400   10.900    0.000   88.300   40.800    1.444   20.392
   27.300   17.300    0.000   80.300   41.200    1.107   17.726
   31.100   15.800    0.000   82.800   33.500    1.324   23.897
   33.000   17.800    0.000   82.300   33.700    1.062   25.807
   27.500   18.300    1.800   90.000   55.000    1.444    9.049
   33.100   16.200    0.000   93.000   35.500    1.197   26.795
   33.200   17.800    0.600   87.800   39.000    1.847   20.771
   32.400   14.100    0.000   86.200   37.000    1.294   28.602
   29.200   16.000    1.400   85.500   37.300    1.660   22.332
   29.400   13.100    8.200   90.700   36.000    1.331   21.582
   29.200   14.800    5.800   93.000   34.800    1.346   28.033
   32.300   11.900    0.000   86.700   16.700    1.137   30.979
   32.200   13.900    0.000   84.800   27.200    1.331   30.179
   34.400   16.900    0.000   83.000   24.800    1.384   29.035
   35.300   19.800    0.000   83.500   27.500    1.354   28.304
   32.300   18.600    0.000   85.700   37.500    1.675   27.572
   34.200   20.000    0.000   75.800   33.000    1.414   24.831
   36.400   19.000    0.000   85.700   32.500    1.167   27.823
   36.300   20.600    0.000   83.000   31.700    1.189   26.674
   34.000   19.500    0.000   74.000   30.500    1.810   28.592
   34.900   19.000    0.000   80.500   28.200    1.556   28.782
   35.900   19.300    0.000   82.500   28.500    1.743   28.616
   35.400   19.900    0.000   82.200   32.700    1.705   24.160
   30.800   19.900    0.800   89.000   49.000    1.182   12.015
   31.800   18.300    0.000   90.800   44.000    1.384   19.882
   31.900   17.600    5.800   90.000   37.200    1.578   21.744
   32.500   16.000    0.000   90.000   36.700    1.212   28.710
   34.300   17.900    0.000   84.800   32.700    1.384   27.758
   35.300   20.500    0.000   80.300   31.300    1.324   27.175
   31.400   20.400    4.800   84.000   38.800    1.773   13.395
   34.300   19.200    0.000   83.300   30.700    1.645   28.917
   34.200   19.600    0.000   85.500   35.000    1.219   27.369
   34.500   21.000    0.000   79.000   27.700    1.421   27.579
   35.900   18.500    0.000   85.200   27.800    1.017   29.387
   38.000   20.000    0.000   80.200   26.300    1.242   28.525
   36.400   19.200    0.200   85.500   31.300    1.818   21.436
   36.500   18.500    1.000   88.000   27.200    1.429   29.164
   33.900   20.900    0.000   76.500   33.500    1.526   27.996
   34.500   21.000    0.000   79.000   19.200    2.266   28.213
   33.200   16.200    0.000   87.000   24.700    1.459   29.960
   31.900   16.800    0.000   75.800   31.200    1.832   28.439
   34.000   16.400    0.000   78.300   24.000    1.915   29.600
   32.800   18.200    0.000   78.200   32.800    1.720   28.433
   32.800   20.200    0.000   69.700   38.000    1.750   27.128
   34.200   19.600    0.000   81.500   31.500    1.459   28.225
   36.100   19.000    0.000   85.200   30.700    1.070   23.770
   38.500   20.600    0.000   74.300   22.200    1.601   28.451
   36.000   21.300    0.000   81.300   32.200    1.152   27.916
   35.100   22.900    0.000   74.700   35.300    1.765   26.563
   34.900   22.300    0.000   74.800   33.000    1.758   27.484
   36.000   20.300    0.000   78.500   25.200    1.459   27.399
   38.200   20.700    0.000   73.800   19.700    1.451   27.182
   38.300   21.500    0.000   73.800   22.300    1.361   27.005
   39.300   20.800    0.000   81.700   21.800    0.972   26.441
   37.600   22.200    0.000   72.700   31.000    1.638   23.212
   37.000   24.200    0.000   80.000   35.000    1.099   23.752
   39.200   22.500    1.200   79.800   28.700    1.586   24.894
   36.500   20.700    4.200   85.800   34.300    1.713   26.512
   32.300   20.000    4.800   85.700   39.700    1.765   27.023
   33.500   20.600    9.800   91.000   35.800    1.990   25.178
   33.400   19.600    4.400   90.000   40.700    1.279   19.186
   33.800   18.400    0.000   92.000   32.300    1.316   27.435
   35.400   18.800    0.000   77.300   21.800    1.272   27.531
   37.400   19.100    0.000   81.700   18.700    1.249   27.081
   33.400   21.500    0.000   71.300   32.300    1.556   25.924
   35.500   20.700    0.000   78.800   27.500    1.316   26.442
   37.400   22.800    0.000   72.800   27.200    1.264   25.831
   38.800   22.900    0.000   73.300   21.700    1.406   24.942
   37.700   24.300    0.200   75.000   28.700    1.623   22.944
   31.300   21.900    0.000   77.800   38.800    2.005   21.219
   33.900   20.400    0.000   78.200   34.200    1.286   23.954
   33.700   21.800    0.000   81.200   35.000    1.518   24.864
   33.600   21.300    0.000   78.500   25.500    1.877   24.640
   33.100   22.100    0.000   67.300   26.700    1.780   24.223
   31.100   19.400    4.600   77.700   31.500    2.805   21.680
   31.300   17.300    0.000   86.000   25.800    1.369   25.974
   32.800   17.400    0.000   77.000   25.200    1.384   21.072
   34.000   17.400    1.400   87.500   33.700    1.496   22.784
   33.200   18.300    0.000   90.000   37.300    1.279   23.321
   31.500   19.800    0.600   88.700   48.500    1.533   12.948
   24.300   19.900   18.000   89.000   70.500    1.780    6.356
   29.400   18.800   18.400   90.000   48.200    1.182   15.379
   34.300   18.000    0.000   91.300   30.000    1.174   24.912
   34.100   18.500    0.000   83.700   24.700    1.189   24.520
   33.600   18.900    0.000   79.000   27.700    1.354   24.259
   33.200   18.200    0.000   82.200   29.300    1.354   24.310
   32.500   18.700    0.000   77.000   35.000    1.533   23.459
   34.500   18.900    0.000   80.800   28.200    1.249   23.440
   34.100   20.200    0.000   76.200   35.500    1.391   18.888
   29.100   19.800    0.000   82.700   45.000    1.803   17.726
   33.700   18.700    0.000   86.700   34.800    1.182   21.405
   34.100   19.300    0.000   87.300   34.300    1.249   21.612
   31.130   20.490    3.650   89.350   48.330    1.272   12.442
   29.100   19.200    0.000   95.000   50.500    1.107   17.206
   28.900   19.600    4.800   93.300   44.200    1.645   17.726
   28.700   19.300    0.000   81.200   40.500    1.444   19.306
   28.300   18.900    0.200   84.800   42.700    1.623   14.774
   30.900   16.600    0.000   89.800   41.300    0.980   19.175
   31.900   18.200    0.000   87.000   39.000    1.107   18.346
   33.100   19.500    9.200   93.000   35.700    1.137   19.758
   30.600   20.700    0.000   94.000   49.500    1.376   12.379
   30.900   21.200    0.000   88.800   39.200    1.705   17.152
   29.600   19.600    0.000   88.700   37.500    1.750   17.954
   30.100   14.100    0.000   88.800   31.800    1.077   20.426
   30.100   15.100    0.000   90.000   29.800    0.980   20.878
   30.500   15.200    0.000   84.000   31.500    1.174   20.134
   30.800   15.300    0.000   89.500   36.700    0.980   17.498
   29.700   20.700    0.000   78.800   49.000    1.092    9.228
   31.900   17.700    0.000   89.200   32.700    1.309   18.911
   31.900   17.400    0.000   85.800   30.000    1.316   17.940
   22.500   11.200    0.000   81.700   36.200    2.162   18.103
   25.900    7.400    0.000   74.500   16.300    1.967   20.516
   29.000   10.300    0.000   83.200   11.300    1.346   20.103
   25.600    8.100    0.000   79.300   30.500    1.496   19.256
   22.700   11.800    0.000   77.200   33.200    1.960   13.441
   22.800   10.300    0.000   76.800   30.700    1.391   17.918
   24.000   10.100    0.000   82.000   31.500    1.032   15.891
   17.100   14.400    1.600   91.300   57.800    1.197    3.190
   20.900   12.000    0.200   94.000   61.000    0.950    7.222
   24.600    8.500    7.600   96.000   43.500    0.980   17.196
   24.600   11.500    3.800   99.000   39.300    1.182   15.887
   20.300   10.900    0.400   91.300   57.800    1.645    8.235
   20.500   11.000    3.000   97.700   67.000    1.668   10.729
   17.600   13.600    1.800   97.000   79.200    1.511    4.037
   22.100   11.800    0.200   98.000   51.800    1.900   13.994
   26.100   10.900    0.000   96.300   47.700    1.272   16.240
   26.600   11.200    0.000   97.000   43.800    0.995   15.788
   23.600   13.700    0.000   94.700   57.700    0.950   10.313
   25.000   13.700    0.000   96.500   47.500    0.845   11.198
   25.900   11.500    0.000   97.000   50.000    1.032   12.876
   26.900   12.000    0.000   97.000   38.500    1.025   14.505
   25.800   10.900    0.000   95.700   43.000    0.763   12.976
   21.200   16.600    1.400   92.000   74.700    1.488    3.913
   21.300   13.400    0.000   94.000   59.200    1.010    5.056
   24.100   12.600    0.000   98.000   48.200    1.010   12.210
   24.000   11.100    0.000   95.300   46.000    0.980   11.376
   23.100   10.800    0.000   96.300   52.200    0.868    9.589
   22.700    9.900    0.000   98.000   56.000    0.666    9.095
   23.900   13.500    0.000   96.200   49.200    0.808    8.569
   25.200   13.700    0.000   93.300   48.800    1.032   10.035
   25.300   12.400    0.000   97.000   52.300    0.800   10.377
   25.700   11.500    0.200   98.000   48.000    0.987   11.675
   26.400   10.600    0.000   97.500   48.700    0.770   11.648
   23.300   11.800    0.000   95.000   53.000    0.957    7.867
   19.200   15.500    0.000   92.500   77.300    2.304    1.447
   24.300   17.100    0.000   89.000   60.000    1.324    6.417
   22.600   16.200    0.000   88.200   63.200    1.242    5.562
   24.900   15.300    0.000   93.000   57.700    1.601    6.333
   23.800   16.500    0.000   91.700   58.000    0.883    6.849
   25.000   13.300    0.000   94.200   54.700    1.017    8.727
   24.700   12.400    0.000   96.000   53.700    0.905    9.342
   24.000   10.100    0.000   97.000   53.300    0.823    9.088
   25.700    9.100    0.200   98.000   43.200    0.748   10.288
   25.000    8.700    0.000   98.000   49.000    0.785    9.211
   25.200    8.800    0.200   98.700   41.000    0.696    9.311
   19.800    9.800    4.200   99.000   70.000    0.957    2.536
   17.300   12.300    0.200   99.300   84.200    0.793    4.646
   17.100   14.200   17.600   99.000   86.300    1.182    3.252
   18.700    8.900    8.800   99.000   47.300    2.461    9.982
   19.400    4.700    0.000   98.000   41.700    1.122   10.109
   16.900    3.400    0.000   96.500   45.200    0.800    8.194
   17.400    2.900    0.000   99.000   45.200    0.785    9.078
   17.900    9.300    0.000   91.800   49.800    0.838    5.952
   13.500   11.900    5.400   99.000   88.000    0.658    1.274
   15.900    8.000    2.800   99.000   85.800    0.830    4.260
   16.300    6.700    0.000   99.800   84.800    0.726    6.744
   14.500    7.400    0.000   99.000   85.500    0.830    4.417
   16.600    6.300    0.000   99.000   58.300    1.025    7.713
   13.700    5.400    0.000   99.000   79.800    1.040    3.605
    9.600    4.700    0.000   99.000   98.000    0.853    1.223
   12.500    6.900    0.000   99.000   89.200    1.129    2.453
   13.400    5.800    0.000   99.000   87.500    0.703    3.577
   16.700    6.100    0.000   99.000   69.800    1.870    7.073
   14.300    3.200    0.000   99.000   69.200    1.099    4.542
   13.900    1.100    0.000   99.800   59.300    0.740    7.704
   13.400   -0.300    2.000   99.300   53.800    1.384    6.794
   10.100    3.200   27.800   99.000   92.200    1.705    1.477
   12.400    1.700    0.000  100.000   70.800    0.853    7.485
   14.400    0.400    0.000   99.000   52.000    1.047    7.771
   12.500    3.600    0.000   99.000   70.800    1.025    5.827
   14.400    1.300    0.000   99.800   71.700    1.047    6.782
   12.300   -0.100    0.000   99.000   59.800    0.898    6.779
    8.500    3.100    0.000   99.000   77.300    0.808    1.974
    8.400    3.100    0.000   99.000   81.200    0.666    2.378
    7.500   -0.500    0.000   99.500   91.200    0.935    2.236
    4.800   -0.500    0.000   99.300   99.000    0.808    4.521
    8.700    3.200    0.000   99.500   88.300    0.935    2.871
    7.700    5.500   11.600   99.000   99.000    0.920    0.687
    8.900    7.200   26.600   99.200   99.000    1.182    1.495
    9.600    3.900    2.400   99.000   99.000    1.399    1.192
    4.900   -0.900    0.000  100.000   99.000    0.860    6.069
    3.500   -2.100    0.000   99.700   99.000    0.927    4.292
    7.400    3.100    0.000  100.000   99.000    0.838    3.997
    5.400    4.500   12.400  100.000   99.000    1.361    0.856
    6.800    3.900    0.000   99.500   96.700    1.705    1.909
    6.900    0.300    0.000  100.000   90.300    1.234    4.468
    5.600   -1.100    0.000  100.000   83.200    0.927    5.292
    2.600   -0.300    0.000   99.200   97.300    1.047    1.131
    5.800   -0.600    0.000   99.000   80.200    0.942    2.718
    4.200   -1.400   20.400   99.000   97.000    1.189    0.651
    4.900    2.100    0.000   99.200   99.000    1.488    1.437
    6.600    2.300    0.000   99.300   99.000    1.496    3.393
    6.800    3.700    0.000  100.000   99.000    0.995    3.343
    6.900    3.800    0.000   99.000   95.500    0.898    1.881
    6.500    4.900    0.000   99.000   91.500    1.070    1.282
    6.900    5.100    0.600   99.000   99.000    0.920    1.070
    9.800    4.600    0.000   99.000   90.700    0.942    2.733
   10.500    5.800    0.000   99.000   91.300    1.062    3.159
    9.700    7.500    0.000   99.000   98.200    0.808    1.387
   10.800    8.300    0.000   99.000   91.800    0.868    1.420
   10.300    9.000    0.000   99.000   99.000    0.980    0.739
    9.200    4.800    0.000   99.700   99.000    1.167    5.215
    9.800    4.800    0.000   99.200   99.000    0.770    2.132
    9.200    7.200    0.800   99.000   98.200    0.718    1.248
    8.800    7.600    0.800   99.200   99.000    0.673    0.490
   10.000    7.200    0.000   99.000   94.800    1.055    1.739
