Id station: 100, location: West demo station
45.496782  120.0
01/01/2021 -> 31/12/2022
T_max   T_min   P_tot   U_max   U_min   V_med   RG_CORR
    2.500    1.200   13.000   99.000   95.200    0.658    0.922
    5.300    2.400   25.600   99.000   99.000    0.815    0.791
    8.900    4.000    6.600  100.000   79.300    0.703    5.232
    6.500    4.800    7.900   99.000   93.200    0.471    1.713
    6.900    2.900    2.900   99.000   83.000    0.576    1.466
    4.900    2.500    2.600   99.000   92.300    0.516    1.071
    6.300    1.800    0.100   99.000   65.700    0.606    2.814
    6.500   -2.100    0.000  100.000   57.500    0.486    7.346
    5.600   -1.800    0.000   99.000   50.300    0.568    4.238
    4.300   -3.200    0.000   94.300   52.700    0.606    2.798
    5.400   -4.400    0.100   98.000   51.700    0.561    8.176
    5.400   -4.300    0.000   99.000   51.300    0.755    6.137
   13.600   -1.600    0.000   86.500   36.300    0.830    7.775
   11.800   -1.800    0.000   88.700   45.700    1.316    7.398
    6.500   -1.200    0.000   89.800   50.500    0.793    2.649
    7.000   -2.600    0.000   95.300   50.500    0.636    7.777
    5.400   -2.100    0.000   98.200   64.200    0.688    4.915
    3.100   -3.300    0.000   99.300   80.800    0.539    7.375
    2.500   -3.800    0.600   99.500   97.300    0.494    2.263
    2.500    1.300    5.700   99.000   98.000    0.322    0.941
    3.800    2.400    7.200   99.000   99.000    0.224    0.177
    4.800    3.000   25.000   99.000   99.000    0.516    0.384
   11.700    2.800   10.300   99.000   59.300    1.197    5.123
   11.400   -0.300    0.200  100.000   12.500    0.718    7.905
    9.200   -1.400    0.000   85.800   34.000    0.972    7.956
   10.400    1.400    0.000   50.300   14.200    2.349    9.809
    9.100   -2.600    0.000   72.700   26.800    0.621    5.920
    8.600    0.900    0.000   88.200   58.200    0.763    6.411
    8.000    0.500    0.000   98.000   63.500    0.733    4.593
   12.100    2.500    3.000   96.200   51.000    0.927    5.423
   12.700    4.400    8.800   99.000   58.200    0.890    8.832
    9.000    2.900    0.000   99.000   63.800    0.830    4.220
    8.600    0.900    0.000   99.300   80.000    0.598    6.435
    6.500    4.800    6.800   99.000   99.000    0.441    0.764
   10.900    6.500    1.200   99.000   79.200    0.688    3.405
   10.400    7.300    2.600   99.000   92.700    0.516    1.916
   10.400    8.200    0.000   99.000   89.000    0.651    1.643
    8.900    7.100   33.700   99.000   98.300    0.935    0.889
   13.300    4.500    3.000   99.300   36.200    0.995   11.387
   11.600    7.000    2.600   98.700   67.200    0.576    4.399
    8.900    5.500   15.600   99.000   90.000    1.167    2.633
   13.300    1.900    0.200  100.000   56.700    1.167   11.648
    5.500   -1.000    0.000   87.200   45.500    1.870    2.322
    2.000   -2.800    0.000   84.700   36.000    1.339    8.238
    7.200   -4.900    0.000   82.800   36.200    0.845   12.523
    8.500   -4.300    0.000   93.500   33.800    0.681   11.588
   10.700   -1.400    0.000   86.200   54.000    0.965    7.526
   14.700    5.000    0.500   99.000   52.800    0.830   10.395
   11.000    6.700    0.700   94.700   57.000    0.830    4.530
   11.500    7.800    0.800   99.000   79.500    0.531    2.878
   12.700    8.500    0.000   96.500   73.500    0.568    4.346
   15.200    7.400    0.000   99.000   60.300    0.890    8.172
   14.000    6.400    0.000   96.800   68.800    0.733    9.834
   17.600    5.400    0.000   99.000   46.000    0.501   11.150
   21.200    4.900    0.000   98.300   33.500    0.501   12.958
   21.100    4.400    0.000   97.200   34.800    0.531   13.118
   20.700    5.100    0.000   95.500   35.300    0.576   13.160
   18.700    6.800    0.000   90.300   37.800    1.099   12.861
   13.700    5.300    0.000   77.000   39.300    1.272   14.786
   16.600    2.300    0.000   91.700   31.300    0.681   14.874
   16.600    1.900    0.000   89.700   30.700    0.621   15.009
   15.000    4.600    0.000   85.200   40.000    0.494    8.103
   14.900    3.400    0.000   93.500   51.800    0.853   10.620
   17.400    6.200    0.000   88.200   36.700    0.823   14.630
    9.900    4.700    0.700   88.300   55.300    1.690    5.433
   12.400    0.200    0.000   87.300   41.200    0.703   15.696
   13.000    1.500    0.000   91.300   48.000    0.830   14.340
   13.900    2.700    0.000   92.800   38.000    0.913   14.162
   14.900    2.800    0.000   90.700   34.500    0.800   15.675
   12.200    4.200    0.000   80.200   51.800    0.688    4.587
   17.900    5.600    0.000   94.000   41.800    0.808   15.462
   16.400    4.000    0.000   99.000   37.200    0.860   15.093
   15.100    4.800    0.000   90.800   13.000    2.633   17.478
   16.500    1.700    0.000   93.200   21.700    1.915   18.127
   15.200    8.100    0.000   33.300   12.500    3.635   19.009
   15.600    4.700    0.000   39.200   14.000    2.124   16.694
   11.200    3.400    0.000   68.500   38.200    1.399   13.607
   12.100    2.100    0.000   79.700   34.300    1.242   16.146
   12.300   -0.900    0.000   91.700   23.000    0.987   18.386
   10.400   -0.700    0.000   73.200   26.700    0.920   18.314
   16.400   -0.300    0.000   76.500   22.000    0.845   17.848
   15.000    4.600    0.000   65.700   29.500    1.272   19.832
   18.600    2.100    0.000   82.300   29.500    0.868   19.246
   19.300    4.400    0.000   88.700   36.000    0.838   18.621
   19.000    5.800    0.000   93.700   40.200    0.957   16.908
   16.600   11.100    0.000   79.300   56.700    0.808    5.620
   20.500    5.900    0.000   97.200   39.800    0.785   16.918
   22.900    7.400    0.000   91.700   33.300    0.740   19.515
   24.600   10.700    0.000   79.000   35.200    0.935   19.291
   25.800   10.400    0.000   88.300   28.200    0.763   19.285
   27.200   10.400    0.000   81.800   24.000    1.040   18.674
   27.500   11.300    0.000   66.000   20.300    1.227   20.069
   19.900   11.300    0.000   62.300   43.200    2.049   17.913
   16.400    8.100    0.000   73.000   32.000    1.361   21.664
   17.700    6.400    0.000   69.200   28.800    1.234   18.883
   14.100    2.900    0.000   90.300   10.000    3.007   22.144
   11.300    1.300    0.000   90.000   10.300    2.349   24.094
   16.800    0.300    0.000   54.200   17.200    1.249   22.897
   15.400    6.800    0.000   76.000   41.800    0.950   11.215
   14.600    8.600    3.100   93.300   45.700    0.785    6.731
   12.300    8.300   25.200   98.000   72.500    1.159    4.324
   12.200    8.800   16.700   99.000   72.500    0.853    4.075
   15.000    5.700    0.000   96.800   40.800    1.129   19.817
   14.600    3.500    0.000   95.500   26.200    1.040   22.016
   11.200    4.700    0.000   83.200   46.500    1.616   17.823
   14.800    2.900    0.000   90.000   29.700    1.122   23.800
   16.100    1.900    0.000   93.500   35.800    0.913   23.710
   15.800    7.600    0.000   77.500   40.200    1.025   17.222
   18.200    5.800    0.000   93.800   33.800    0.740   21.350
   20.500    5.000    1.000   91.000   25.700    1.062   23.954
   19.300    9.800    0.200   78.000   36.700    1.219   20.623
   20.000    7.800    0.000   94.200   40.800    0.890   22.773
   21.400    8.900    0.000   89.800   39.300    0.905   22.781
   23.100    9.700    0.000   84.500   31.000    0.860   24.446
   25.100   10.200    0.000   77.500   29.000    0.995   23.931
   17.100   11.500    0.000   85.000   49.500    1.114    6.404
   16.200    9.800    1.200   91.800   60.500    0.898    8.770
   19.600   11.700    0.100   88.800   46.200    0.800   14.509
   15.200   13.000    8.300   98.000   82.300    0.860    2.993
   19.300   12.000    0.100   99.000   62.500    0.718   10.446
   17.100   12.000   35.900   98.000   81.300    1.092    5.584
   21.700   10.000    2.300   99.000   26.700    1.272   24.613
   19.600   10.000    0.000   90.500   38.000    1.189   25.019
   21.700    7.800    0.000   95.800   32.300    1.122   24.514
   21.500   11.300    0.000   83.000   48.000    0.950   15.119
   20.300    7.300    0.000   90.300   50.300    1.286   18.867
   24.400   11.000    0.000   83.800   18.000    1.361   23.372
   21.700   10.600    0.000   84.500   40.000    1.032   24.781
   23.600    9.100    0.000   91.700   43.300    0.718   22.386
   23.700   13.900    0.000   88.300   40.200    0.957   13.323
   17.200   12.500   19.900   95.000   65.800    1.309    3.307
   24.000   10.200    0.000   98.000   35.800    1.107   25.021
   23.800   12.700    3.100   83.000   32.800    1.331   22.399
   20.700    9.100    5.500   98.000   42.700    0.883   14.997
   20.200    8.000    0.200   99.000   44.800    0.696   14.779
   18.800   10.000    1.500   98.000   57.700    0.636    7.507
   24.200   11.100    4.300   97.800   19.200    1.092   26.992
   25.000    8.200    1.200   90.200   19.000    1.017   24.923
   24.000    8.500    0.200   96.800   17.700    1.227   27.216
   24.600    8.300    0.000   93.300   14.800    1.025   29.622
   23.500   11.600    0.200   75.200   30.000    1.219   22.883
   21.000   12.000    3.800   95.800   49.800    1.114   15.779
   26.000   14.800    0.000   82.000   26.000    0.972   24.847
   15.500   12.900   25.100   97.000   72.500    0.957    3.330
   23.900   11.000    0.000   98.700   18.000    1.062   28.669
   23.300   10.100    0.000   86.000   39.000    1.062   29.353
   26.500   11.800    0.000   79.800   32.000    0.950   27.617
   25.500   13.100    0.000   78.500   42.700    1.062   26.963
   26.500   15.800    0.000   64.200   36.500    1.219   24.355
   24.500   15.000    0.000   77.700   34.800    1.369   29.169
   24.500   14.600    0.000   76.700   37.000    1.369   25.795
   25.800   14.700    0.000   74.500   36.700    1.040   26.302
   25.600   17.000    0.000   67.200   34.500    1.107   22.736
   28.900   16.900    0.000   77.300   26.700    0.890   28.659
   30.800   15.400    0.000   72.000   25.800    0.935   27.294
   27.900   17.300    8.900   97.000   36.300    0.785   15.412
   29.200   14.600   30.500   96.700   36.000    1.085   28.710
   25.700   17.300    2.000   98.000   54.300    0.696   15.461
   27.500   17.800    0.600   91.000   48.300    0.673   18.918
   30.600   15.800    0.000   97.000   31.700    0.890   27.397
   29.200   15.500    0.000   92.000   39.300    0.883   28.687
   29.900   18.000    4.000   94.800   37.800    0.972   26.008
   31.300   16.500    0.000   97.000   33.200    0.935   28.767
   35.000   18.800    0.000   86.200   23.700    1.070   30.270
   30.900   20.400    0.000   78.800   41.700    1.384   29.246
   30.500   21.100    0.000   70.300   37.500    1.227   29.120
   31.200   19.600    0.000   74.000   40.800    0.972   19.883
   32.100   20.000    0.100   79.200   43.000    0.860   23.334
   32.900   22.000    0.000   72.500   29.700    0.995   27.261
   32.000   20.400    0.000   60.200   33.500    1.032   21.914
   32.000   20.400    0.200   75.300   37.300    0.957   16.350
   32.200   20.400    0.000   84.500   37.500    1.189   24.740
   31.400   19.800    0.000   77.700   35.200    1.099   22.970
   31.300   17.800    0.000   89.200   35.300    0.905   24.816
   31.500   16.300    0.000   82.500   30.300    1.174   26.936
   30.700   17.200    0.000   71.700   28.200    1.294   30.558
   31.700   17.800    0.000   84.700   30.300    0.935   29.555
   32.700   19.100    0.000   79.800   31.200    0.823   26.165
   34.100   21.600    0.000   71.500   29.200    1.122   27.389
   32.700   20.800    0.000   66.500   30.200    1.286   25.317
   30.800   18.900    0.000   80.500   29.800    1.301   27.131
   32.000   19.500    0.000   70.200   19.300    1.346   30.552
   32.000   18.800    0.000   76.000   25.000    1.099   28.472
   31.400   20.900    0.000   85.800   37.200    1.077   17.629
   25.600   17.800    7.400   95.000   61.200    0.987    7.628
   31.200   15.600    0.200   97.000   29.500    0.778   24.884
   32.400   18.300    0.000   75.200   33.700    1.002   26.817
   33.700   19.800    0.000   90.000   31.800    1.055   23.752
   31.000   17.800   18.700   91.700   48.200    1.301   13.362
   31.400   15.900    0.000   79.300   25.200    1.144   30.281
   32.100   15.800    0.000   85.500   27.700    1.002   29.019
   32.000   17.900    0.000   86.500   24.200    1.062   27.722
   31.700   20.000    0.000   79.200   40.800    1.032   24.030
   28.500   17.200    0.000   79.500   37.700    1.847   19.104
   25.200   15.800    7.300   87.000   41.700    0.815   16.875
   27.100   17.200    0.000   84.300   44.800    0.793   16.353
   30.000   16.500    0.100   92.200   36.500    0.875   25.889
   33.300   18.800    0.000   79.000   36.500    1.129   23.861
   33.300   19.500    0.000   92.500   36.500    0.785   22.004
   33.800   22.300    0.000   69.800   25.800    1.099   27.802
   34.600   21.200    0.000   70.000   30.700    1.159   28.045
   33.600   20.700    0.000   72.000   36.000    1.017   26.155
   32.600   23.900    0.000   69.700   38.800    1.376   25.029
   32.600   20.700    0.000   77.800   41.000    1.077   25.733
   32.200   23.300    0.800   72.700   44.700    1.197   21.201
   30.600   21.600    0.000   90.800   46.800    1.518   18.137
   29.400   18.400   24.000   94.800   49.300    1.264   13.582
   28.900   20.800    0.700   87.700   58.200    1.152   12.928
   29.200   19.900    0.000   88.000   53.500    1.085   15.069
   32.200   18.500    0.000   91.300   36.800    0.793   25.040
   31.100   20.200    0.000   90.000   46.500    0.935   20.756
   31.800   21.100    0.400   93.700   38.300    1.339   18.226
   27.900   17.200   12.100   96.200   52.700    1.025   11.115
   27.600   16.700    3.500   97.800   45.200    0.800   21.059
   27.500   16.600    0.000   95.000   45.500    0.883   16.595
   24.300   18.700    9.500   91.200   65.200    1.040    6.288
   30.400   15.900    0.200   97.000   29.500    1.301   27.676
   30.800   18.200    0.000   85.800   30.500    0.942   26.988
   28.500   20.000    0.000   82.300   51.300    0.883   13.606
   31.200   19.800    0.000   89.000   37.800    0.748   20.121
   31.600   18.400    0.000   84.800   34.300    0.763   24.896
   32.200   18.700    0.000   91.000   34.500    0.800   24.491
   34.500   18.900    0.000   91.000   34.700    0.740   24.997
   35.300   21.000    0.000   81.000   34.800    0.913   24.529
   35.500   24.000    0.000   77.500   36.200    0.935   23.264
   36.100   22.000    0.000   79.800   34.500    0.800   24.003
   36.300   22.400    0.000   81.800   31.300    0.972   23.766
   33.500   20.100    5.900   92.500   29.800    1.481   21.719
   30.800   19.200    0.000   76.700   24.200    1.286   25.334
   29.100   20.300    0.000   61.700   36.000    1.204   25.206
   29.500   18.800    0.000   70.000   31.800    1.047   21.306
   31.300   20.100    0.000   72.200   32.200    0.845   20.996
   33.200   19.300    0.000   77.800   31.700    0.800   22.647
   32.500   19.700    0.000   83.500   31.800    0.987   19.785
   29.400   18.700    8.400   93.800   42.000    1.481   22.251
   29.100   17.600    0.100   97.000   36.200    0.815   19.646
   28.800   17.800    0.000   79.700   37.200    0.838   19.707
   30.000   16.300    0.000   85.300   32.700    1.040   23.418
   23.300   18.200    0.000   83.700   54.200    1.593   14.070
   26.400   17.000    0.000   75.700   36.200    1.077   21.705
   27.700   12.900    0.000   89.200   31.300    0.965   23.543
   28.600   16.100    0.000   72.800   29.800    1.085   21.566
   28.200   18.000    0.000   77.800   36.500    1.002   19.626
   29.400   15.300    0.000   89.000   34.200    0.785   22.105
   29.100   17.800    0.000   77.500   33.200    1.234   21.843
   28.600   17.900    0.000   70.300   30.800    0.980   20.687
   29.000   16.400    0.000   82.200   33.000    0.838   20.721
   29.500   16.200    0.000   87.200   35.200    0.845   19.845
   29.300   18.800    0.000   74.700   29.700    1.077   19.940
   29.800   17.300    0.000   72.200   28.500    0.935   17.595
   29.200   19.100    0.000   59.000   27.800    0.980   18.174
   29.000   18.100    0.000   65.800   25.300    0.823   17.937
   29.400   18.400    0.000   66.500   29.500    0.711   13.311
   29.800   18.700    0.000   81.800   31.800    0.748   18.338
   30.800   16.300    0.000   86.000   26.200    0.748   19.411
   31.400   15.800    0.000   82.200   28.700    0.748   18.625
   28.300   17.300    0.000   81.700   50.000    0.770   11.196
   28.600   20.500    0.000   80.800   44.500    1.017    8.285
   26.900   17.800   54.300   98.000   60.700    1.099    7.827
   27.700   18.000    0.100   99.000   49.800    0.740   15.228
   27.100   19.400    0.200   89.300   56.300    1.025   15.183
   22.600   14.600   10.600   93.200   58.300    1.773   11.114
   24.100   11.700    9.300   92.800   41.000    0.950   14.399
   24.300   14.800    0.200   95.800   43.200    0.748   15.065
   25.200   13.900    0.000   93.000   44.800    0.755   16.724
   25.000   14.700    0.000   89.200   41.300    0.688   14.469
   26.200   12.700    0.000   96.200   41.700    0.524   17.355
   24.600   16.000    0.000   88.200   56.000    0.539    7.756
   20.000   16.200   27.400   98.000   83.000    0.853    1.760
   24.000   15.800    0.100   98.000   59.300    0.546    9.842
   26.300   15.100    0.000   98.000   52.300    0.591   15.119
   27.100   15.700    0.000   89.200   39.500    0.718   15.491
   24.100   14.100    0.000   96.000   50.000    0.927   14.606
   23.400   13.600    0.000   81.000   45.000    0.838   16.350
   23.300   15.600    0.000   81.700   44.500    0.845   14.875
   18.700   15.900    2.100   94.700   82.200    1.062    3.514
   19.600   17.000   44.600   96.800   85.300    1.286    1.362
   19.600   15.800    1.000   95.000   66.700    1.174    4.839
   16.600    9.900   10.700   97.000   54.800    1.144    6.593
   21.700    7.800    0.000   98.300   36.200    0.613   11.934
   21.200   11.200    0.000   93.000   41.200    0.673   10.009
   18.700   10.600    0.000   81.000   41.700    0.838   12.243
   18.100    8.000    0.000   92.300   42.800    0.740   13.568
   20.500    6.200    0.000   97.500   39.000    0.509   14.547
   18.700    8.400    0.000   94.000   48.800    0.726   12.474
   18.800    7.500    0.000   97.700   47.000    0.808   13.926
   17.800    6.800    0.000   93.000   41.200    0.748   13.711
   17.900    5.500    0.000   97.700   45.700    0.531   13.175
   19.300    6.000    0.100   98.000   45.300    0.501   13.166
   20.000    5.800    0.000   97.800   42.200    0.449   13.406
   19.900    6.900    0.100   98.000   46.800    0.479   12.460
   19.600    8.600    0.000   97.700   53.000    0.426    9.060
   18.900    9.100    0.000   98.000   63.000    0.471    5.239
   15.600   13.000    6.100   98.000   90.500    0.553    1.169
   19.900   10.800    0.000   99.000   61.300    0.524    9.608
   18.500   10.100    0.000   98.000   66.700    0.464    8.065
   17.100    9.500    0.000   98.000   49.500    0.583    8.839
   15.300    6.400    0.000   96.000   44.300    0.509    5.905
   17.000    4.900    0.100   98.000   42.500    0.471   11.047
   19.400    5.700    0.100   98.000   39.500    0.456   11.394
   18.200    5.200    0.000   98.000   48.500    0.419   10.768
   17.600    5.800    0.200   98.000   50.500    0.426    9.231
   13.200    9.600    1.400   97.000   69.700    0.404    2.899
   13.600   10.200    0.400   98.000   78.700    0.441    2.797
   11.300    8.200   37.200   98.000   96.500    0.651    0.275
   13.800    4.900    0.200   99.000   74.800    0.770   10.158
   11.700    7.800   31.500   98.000   86.700    0.838    0.607
   16.600    6.300    6.500   98.000   48.200    0.942   10.589
   15.100    2.900    0.000   99.000   42.800    0.501   10.097
   15.700    2.100    0.000   97.000   37.800    0.456   10.008
   15.200    1.800    0.000   97.000   36.300    0.546    9.532
    9.800    4.400    0.300   97.300   84.500    0.830    1.243
   13.100    4.400    0.000   98.000   59.300    0.531    5.557
   14.400    9.700    0.000   89.800   61.300    0.553    4.713
   16.100    9.000    0.100   97.000   64.500    0.568    4.404
   16.900    7.200    0.100   99.000   60.700    0.494    7.827
   14.800    7.700   18.600   99.000   74.700    0.740    5.375
   11.000   10.100   37.500   99.000   97.000    1.167    0.592
   12.200    9.600    4.000   98.000   92.000    0.778    1.225
   13.600    8.300    2.600   98.300   62.300    0.561    4.874
   13.400    8.400    2.300   97.000   78.500    0.583    3.072
   16.400    7.200    0.200   99.000   68.700    0.613    7.746
   12.700    9.900    0.000   95.800   78.000    0.778    2.304
    9.600    7.000    0.000   96.000   83.300    0.778    2.338
    9.400    6.400    2.000   98.000   82.200    0.920    2.243
   10.100    7.000   12.100   98.000   93.300    0.539    1.350
   14.300    6.400    2.800   98.000   48.000    0.666    6.393
   12.700    3.900    0.100   98.200   56.000    0.479    7.028
    6.900    5.600   11.400   97.000   79.700    0.673    0.722
   11.500    5.800    0.000   97.000   67.300    0.875    7.155
    9.900    5.500    0.000   97.000   77.300    0.770    3.817
    7.500    2.000    0.600   96.000   64.700    1.316    4.725
   10.700   -0.900    0.000   92.200   23.500    1.653    7.846
   11.000    2.400    0.000   49.800   22.000    1.473    7.473
    8.400    2.400    0.500   84.700   53.700    0.905    4.184
    9.800    2.900    0.400   97.000   65.800    0.546    5.433
   11.400    1.100    0.100   99.000   35.200    0.449    6.785
    6.000   -0.400    0.000   90.300   59.300    0.539    2.157
    8.200   -0.100    0.000   96.700   57.200    0.621    6.296
    6.700   -0.800    0.200   98.200   67.500    0.651    6.709
    9.200   -1.900    0.100   98.000   43.300    0.696    6.962
    2.900    0.400   18.900   99.000   78.200    0.913    0.067
    3.200    0.900    2.000   99.000   94.500    0.815    3.072
    2.800   -0.200    5.100   99.000   93.200    0.957    0.617
    7.200   -1.800    0.100   98.000   63.700    0.658    7.042
   10.600   -2.800    0.200   99.000   43.500    0.583    7.009
   12.000   -0.100    0.000   96.000   38.500    0.494    6.149
   10.800   -0.200    0.100   98.000   62.500    0.449    5.351
   10.500   -0.200    0.000   99.000   62.000    0.464    5.657
    7.900   -1.400    0.200   99.000   70.000    0.613    5.887
    9.000   -1.300    0.100   99.000   67.200    0.808    4.880
    4.000   -2.000    0.300   99.000   96.300    0.726    3.973
    9.900   -0.900    0.000   99.300   54.300    0.718    6.206
   12.700    0.700    0.000   97.200   55.700    1.099    6.338
    7.500    1.900    0.000   98.700   74.300    0.434    1.784
    8.800    0.200    0.000   99.000   65.000    0.576    5.264
    5.200    0.700    0.000   99.000   77.200    0.913    2.988
    5.300    4.300    0.000   87.000   74.200    0.591    0.435
    5.700    3.900    1.000   96.300   82.000    0.583    0.870
    6.600   -0.200    0.100   99.000   82.800    0.426    3.060
    6.000    2.900    3.700   99.000   96.500    0.359    0.873
    8.900    4.400    0.000   99.000   84.500    0.643    2.053
    8.200    2.100    0.100   99.500   82.300    0.920    5.067
    7.700    3.400    0.000   99.000   86.000    0.666    3.490
    8.500   -0.100    0.000   99.500   85.700    0.591    4.167
   10.600   -1.400    0.200   99.700   66.800    0.456    6.075
   11.700   -1.000    0.200   99.000   70.800    0.419    5.889
    5.600    1.600    0.100   99.000   96.000    0.740    1.511
    7.500    5.500    6.100   99.000   94.000    0.539    0.632
    8.300    4.300   11.800   99.000   63.700    0.696    1.437
    8.700    1.400    0.000   97.000   67.300    0.726    6.753
    8.000   -1.900    0.200   97.000   48.800    0.755    6.717
    6.400   -2.300    0.000   98.000   61.500    0.755    7.139
    6.500   -2.300    0.100   99.000   63.200    0.740    5.554
    6.600   -3.000    0.100   99.000   59.200    0.591    7.348
    9.800   -4.400    0.200   98.000   36.200    0.561    7.906
    8.800   -2.400    0.000   89.000   48.200    0.748    7.336
    9.600   -3.500    0.200   96.800   41.000    0.509    7.786
   11.300   -2.500    0.000   92.700   35.300    0.553    7.709
   12.300   -1.400    0.000   91.200   36.500    0.449    7.535
   12.000   -1.300    0.000   96.000   44.300    0.681    7.295
   12.200   -1.300    0.000   91.000   28.600    1.227    7.381
   11.900    0.500    0.000   96.000   50.800    0.703    7.383
    9.700   -0.100    0.200   98.000   61.300    0.471    5.753
    8.400    1.300    0.600   98.000   66.700    0.755    4.654
    3.500   -1.000    0.200   99.000   89.300    0.875    3.108
    6.600    0.200    0.000   98.000   62.000    0.972    5.942
    6.900   -0.400    0.000   97.500   70.700    0.688    5.591
    1.800   -1.900    0.200   99.000   98.000    0.845    4.503
    5.600    0.700    0.000   99.000   76.600    0.995    4.693
    4.900    0.400    0.000   96.500   84.800    0.800    2.705
    6.000    0.400    0.000   99.000   76.700    0.860    4.096
   15.800   -1.500    0.000   99.000   12.800    1.533    9.547
   11.100   -1.300    0.000   84.800   40.500    0.681    8.954
   16.000    3.600    0.000   86.300   42.000    1.279    9.699
   12.200    1.900    0.000   92.800   25.700    1.608    8.197
   15.500    5.800    0.000   42.500   15.000    2.236   10.191
   18.800    4.000    0.000   63.300   23.700    2.498   10.195
   12.500    3.100    0.000   81.700   50.700    1.144    8.226
   11.900    4.500    0.000   98.800   67.500    0.711    5.431
    9.300    3.200    0.000   99.000   78.800    0.561    4.995
    9.300    0.700    0.200   99.000   74.500    0.613    4.608
   13.400    1.500    0.000   99.000   11.300    3.822   11.348
   15.100   -1.400    0.000   62.800   13.700    0.673   11.020
   16.000    1.700    0.000   92.700   48.700    0.920   10.646
   12.600    4.800    0.000   98.800   67.800    0.456    2.774
   15.100    7.100    0.000   83.800   14.200    1.189    7.360
   11.700    2.900    0.000   83.300   29.000    1.017   11.505
   10.900   -1.100    0.000   83.000   38.200    0.733   11.433
    6.200    0.400    3.500   96.300   57.700    0.853    2.556
    5.500    0.800   12.200   99.000   85.500    0.823    2.545
   11.300    0.100    0.000   99.000   60.700    0.785   10.196
   16.700   -0.600    0.200   99.000   54.800    0.898   12.749
   11.300    3.200    0.000   99.000   66.000    0.987    8.456
   15.000    8.200    1.800   99.000   66.700    0.785    7.121
   16.300    6.700    0.000   99.000   46.800    0.845   11.530
   16.700    6.300    0.000   97.700   15.200    2.618   13.572
   18.700    7.500    0.000   48.800   13.500    2.356   14.520
   16.300    3.400    0.000   71.000   30.700    0.823   14.243
   14.700    4.700    0.000   79.500   42.200    0.763   10.450
   17.400    2.800    0.000   92.200   12.700    2.199   13.656
   15.600    1.200    0.000   99.000   12.800    1.406   15.538
   12.400    0.800    0.000   79.700   25.600    0.942   15.107
   13.100   -1.200    0.000   80.800   24.700    1.182   15.039
   11.000    0.600    0.000   67.700   27.700    1.294   15.230
   13.300   -1.500    0.000   81.800   26.500    0.853   14.426
   14.600    3.000    0.000   83.300   37.800    0.830   14.890
   12.700    3.900    0.000   87.500   45.700    1.249   13.303
   10.000    2.800    0.000   70.200   38.300    1.272   15.333
    9.800    0.700    0.000   73.200   31.500    0.815   12.930
   11.200   -0.400    0.000   75.500   35.500    0.778   15.632
    8.500   -0.100    0.000   69.200   35.000    1.107    7.900
   13.500   -2.500    0.000   89.200   27.200    0.658   16.587
   15.400    0.300    0.000   78.000   35.500    0.696   16.041
   11.500    5.600    0.000   72.200   46.000    1.631   11.112
   10.900    2.500    0.000   67.500   40.000    1.204   11.777
   11.300   -0.400    0.000   68.500   31.800    0.815   15.380
   14.200    6.200    0.000   66.200   38.000    0.785   10.754
   14.000    7.100    0.000   77.500   47.800    0.711    6.774
   17.200   10.500    0.000   83.200   49.500    1.219   10.471
   14.000    9.800    0.000   77.500   60.700    0.995    5.099
   15.500    8.400    0.000   85.500   39.700    1.212    8.458
   14.200    4.300    0.000   68.200   35.200    1.301   17.160
   14.300    2.100    0.000   65.200   29.300    1.197   18.207
   14.400    3.600    0.000   63.500   27.300    0.793   17.449
   15.600    1.600    0.000   78.800   21.800    0.913   19.274
   20.000    1.500    0.000   73.700   13.700    0.696   19.439
   21.800    3.100    0.000   69.700   12.800    0.778   19.917
   21.700    4.700    0.000   57.800   13.200    0.845   19.520
   21.800    4.000    0.000   59.800   17.700    0.703   19.677
   22.100    5.300    0.000   70.800   17.700    0.793   17.739
   22.800    5.000    0.000   71.000   14.700    0.733   19.455
   19.000    8.000    0.000   75.700   30.500    1.032   17.882
   13.400    9.600    2.000   96.500   70.300    1.092    5.839
   16.600    9.400    3.200   98.700   52.300    0.838    9.036
   14.900    5.900    3.500   97.300   62.500    1.324   13.960
   10.500    3.700    0.000   96.500   45.000    1.257    9.030
   11.700    2.000    1.600   97.300   43.800    0.972   11.661
   13.700    4.900    0.000   88.300   39.500    0.927   14.929
   18.500    2.400    0.000   94.800   31.000    0.800   22.031
   17.700    4.800    0.000   94.700   42.300    0.942   18.540
   21.500    7.900    0.000   77.200   33.700    1.249   20.548
   22.600    7.700    0.000   96.000   41.700    1.122   20.899
   19.000    6.200    0.000   94.200   13.500    3.388   24.478
   18.400    1.600    0.000   99.000   17.200    1.159   24.468
   19.600    4.100    0.000   69.700   22.300    1.002   22.705
   20.900    5.200    0.000   65.700   22.500    0.838   21.215
   21.000    8.000    0.000   82.700   35.000    0.913   19.549
   24.400    7.800    0.000   88.700   24.200    0.785   22.885
   26.000    8.700    0.000   81.000   28.000    0.838   22.379
   25.100    9.600    0.000   80.800   27.200    1.406   23.373
   17.900    9.600    0.000   70.200   32.300    1.518   24.778
   19.400    8.900    0.000   53.000   25.300    1.114   24.949
   22.600    5.000    0.000   80.700   24.000    1.114   24.006
   17.100   10.000    0.000   79.500   46.200    1.421   13.015
   17.200    8.800    0.000   74.000   34.300    1.189   12.770
   17.600    8.800    0.000   93.200   53.800    1.085   12.446
   16.600   10.400    4.500   95.700   65.300    1.593    6.848
   17.600    9.600    0.600   95.700   48.500    1.309   14.650
   21.200    9.600    8.900   98.700   40.200    1.085   16.280
   19.500   11.700   11.300   98.000   58.800    0.688   11.067
   22.700    7.500    0.000   99.000   34.700    0.823   25.735
   22.600   12.600    0.000   67.700   36.000    1.279   24.520
   23.100   13.100    0.000   71.700   28.700    0.980   25.045
   23.100   11.500    0.000   69.800   26.800    0.673   18.762
   22.400   12.300    0.000   77.700   32.300    1.301   26.308
   23.100    9.700    0.000   95.200   34.300    0.987   24.745
   23.000   12.200    1.000   86.300   39.200    1.272   16.299
   22.200   13.400    0.600   88.300   41.500    0.703   13.283
   18.700   12.300   18.500   98.300   61.700    1.010    5.782
   15.400   12.300   12.200   99.000   82.200    0.658    4.370
   20.700   11.800    1.000   99.000   57.300    0.815   15.197
   22.300   13.700    0.400   96.200   50.500    0.920   16.126
   25.500   12.800    0.000   98.700   38.700    0.531   19.658
   27.300   14.100    0.000   91.800   35.500    0.800   26.209
   29.100   13.900    0.000   84.000   28.200    0.868   26.726
   29.100   16.600    0.000   77.800   37.300    1.309   26.825
   28.400   15.700    0.000   82.200   40.000    1.242   25.723
   29.300   18.200    0.200   73.000   34.200    0.972   26.310
   30.100   16.700    0.000   92.700   38.500    0.898   25.249
   30.700   18.300    0.000   64.700   33.000    1.189   26.593
   32.400   15.700    0.000   84.700   25.300    0.770   26.866
   29.300   18.200    0.000   76.500   41.300    1.593   26.708
   29.300   19.000    0.000   67.500   28.800    1.279   27.355
   31.600   15.700    0.000   69.800   30.300    1.114   26.887
   32.700   19.100    0.000   73.200   35.000    1.159   25.067
   30.600   18.400    0.000   76.300   41.200    0.935   19.671
   30.100   19.700    0.000   80.200   30.200    1.099   19.871
   28.800   16.500    6.600   97.000   38.700    1.174   18.712
   25.900   16.300    0.200   97.500   51.700    0.913   15.075
   30.700   15.800    0.000   95.700   39.500    1.010   25.137
   32.900   18.200    0.000   87.700   31.300    0.868   25.871
   32.300   16.700    0.000   92.500   32.700    1.758   24.645
   21.800   13.200    2.200   85.200   43.200    1.466   15.425
   23.200   12.100    0.000   89.300   41.700    1.159   22.335
   25.100   15.700    0.400   89.300   48.300    0.785   15.495
   29.100   16.000    0.000   89.300   37.000    0.785   21.694
   31.700   18.100    0.000   79.300   34.500    0.785   25.331
   26.600   18.800    1.600   90.500   57.200    1.032   10.136
   32.700   16.400    0.000   98.000   32.800    0.711   26.083
   31.500   18.600    1.900   90.800   45.200    1.197   20.652
   31.700   15.000    0.100   90.500   32.700    1.032   29.049
   28.900   17.400   13.000   87.300   39.800    1.099   22.250
   28.700   14.800    1.700   94.200   36.200    0.920   20.387
   28.600   15.400    0.000   97.800   20.700    2.177   29.656
   31.500   15.000    0.000   55.300   17.200    1.174   30.864
   32.100   15.000    0.000   73.300   25.300    0.965   30.192
   34.000   18.400    0.000   70.300   25.300    0.935   28.839
   34.900   21.600    0.000   70.300   24.800    1.032   28.449
   31.900   20.500    0.000   74.000   36.000    1.286   27.847
   32.900   22.200    0.000   60.300   33.200    1.114   24.315
   35.700   20.800    0.000   75.300   31.000    0.980   27.931
   35.400   21.800    0.000   76.800   32.800    1.070   26.682
   33.900   23.300    0.000   55.500   30.500    1.444   28.806
   34.600   22.500    0.000   59.800   24.700    1.204   28.653
   35.300   21.400    0.000   67.800   27.800    1.339   28.589
   33.800   23.300    0.000   67.200   37.700    1.369   23.175
   30.400   20.700    1.200   91.000   49.000    0.845   12.482
   31.100   19.400    0.200   96.000   44.800    1.070   19.914
   30.800   19.300    0.400   79.000   37.200    1.339   20.113
   31.500   16.500    0.000   86.700   33.800    1.219   29.017
   34.000   18.800    0.000   77.500   30.300    1.062   27.355
   35.100   21.600    0.000   73.700   28.700    1.144   27.463
   31.000   21.200    3.700   82.500   36.800    1.309   14.086
   33.700   21.000    0.000   72.800   30.300    1.473   29.316
   33.400   20.400    0.000   80.700   32.000    1.129   28.100
   33.600   22.200    0.000   65.000   28.700    1.294   26.965
   35.200   20.800    0.000   71.800   22.500    1.025   29.339
   37.500   21.600    0.000   70.800   25.300    0.883   28.458
   35.300   22.000    0.300   74.700   31.200    1.683   20.655
   35.900   19.100    2.100   96.200   26.700    1.316   29.455
   33.600   22.900    0.000   63.200   32.200    1.503   28.787
   34.000   22.700    0.000   69.000   15.000    2.289   28.565
   32.600   19.400    0.000   76.800   24.300    1.331   29.788
   32.000   19.600    0.000   57.300   29.000    1.436   28.826
   33.500   19.400    0.000   57.500   24.000    1.436   29.591
   32.500   21.300    0.000   56.000   33.200    1.481   28.900
   32.700   22.500    0.000   55.800   35.500    1.571   27.198
   33.500   22.200    0.000   67.700   32.500    1.391   28.193
   35.900   21.400    0.000   72.200   25.700    0.905   22.343
   37.800   22.700    0.000   57.700   20.500    1.309   28.507
   35.700   23.800    0.000   64.200   32.200    1.234   28.145
   34.900   25.300    0.000   65.200   32.300    1.488   25.888
   34.900   25.100    0.000   56.500   30.200    1.459   27.680
   35.800   23.800    0.000   56.800   25.200    1.159   27.132
   37.100   23.900    0.000   52.800   20.500    1.070   27.037
   37.500   25.000    0.500   53.200   22.200    1.174   27.134
   38.500   23.300    0.000   60.200   20.200    0.942   26.513
   36.200   24.300    0.000   62.800   35.300    1.286   22.353
   36.600   25.900    0.000   73.700   36.200    0.972   22.129
   38.400   24.000    2.400   77.500   28.300    1.219   23.919
   35.800   22.100    1.400   80.800   31.300    1.526   26.429
   32.500   21.000    0.200   78.200   34.800    1.279   27.514
   33.100   21.100    1.800   83.300   34.000    1.675   24.829
   33.300   19.400   22.000   98.000   37.800    0.942   18.697
   34.000   18.600    0.100   98.800   17.300    1.414   27.715
   34.600   18.600    0.000   61.800   23.200    0.913   27.548
   36.600   19.600    0.000   78.200   17.500    0.965   27.265
   32.900   21.700    0.000   62.200   32.200    1.286   26.601
   35.200   21.100    0.000   71.800   28.500    0.883   26.511
   36.500   23.300    0.000   64.800   24.800    0.898   25.952
   37.900   23.800    0.000   65.800   22.300    1.010   24.802
   37.000   23.200    0.200   84.700   26.800    1.309   24.447
   31.000   23.200    0.000   69.700   38.800    1.645   23.742
   33.400   19.800    0.000   76.300   34.300    0.965   24.125
   32.900   22.800    0.000   73.200   34.700    1.189   24.392
   33.100   23.600    0.000   66.700   26.200    1.399   24.954
   32.500   23.500    0.000   56.700   27.800    1.286   24.263
   30.500   18.300    3.000   86.000   31.200    1.960   23.302
   30.700   16.300    0.000   93.500   28.200    0.980   25.712
   31.700   17.200    0.000   75.300   28.000    0.853   20.280
   32.300   18.100    0.200   86.500   35.200    1.047   21.828
   32.500   19.200    0.200   86.500   37.200    1.122   23.395
   30.800   20.700    1.200   86.000   49.300    1.159   12.848
   23.200   19.100   17.300   96.700   72.800    1.114    5.324
   29.200   19.100    0.800   94.200   37.800    0.913   17.389
   34.000   18.000    0.000   98.300   27.200    1.077   24.690
   33.200   18.300    0.000   79.200   26.500    0.845   24.516
   33.000   19.900    0.000   71.300   28.800    0.927   24.586
   32.200   18.900    0.000   75.500   29.300    1.017   24.363
   31.600   21.100    0.000   67.000   35.000    1.099   22.950
   33.500   20.000    0.000   76.000   28.000    0.883   23.392
   33.100   21.000    0.000   71.000   35.700    1.032   18.798
   29.900   21.900    0.000   76.200   38.700    1.294   21.651
   32.300   19.000    0.000   88.500   36.200    0.935   21.508
   33.200   20.500    0.000   80.700   34.500    0.883   20.174
   30.000   20.100    5.400   89.300   49.200    0.995   10.963
   28.500   19.400    0.000   92.300   51.500    1.010   17.153
   28.600   20.500    0.000   86.500   44.000    1.257   14.687
   28.400   20.200    0.000   76.000   39.700    1.234   20.406
   27.500   20.100    0.000   78.000   43.200    1.189   13.618
   29.400   17.400    0.000   89.700   43.800    0.651   16.653
   31.500   19.100    0.000   84.700   38.700    0.740   17.605
   32.300   19.500    1.400   88.500   36.800    0.883   19.266
   28.900   21.100    0.100   91.200   52.800    1.099   12.873
   31.000   20.500    1.100   93.000   33.500    1.204   17.132
   29.200   20.400    0.000   89.200   37.300    1.197   18.354
   29.100   15.500    0.000   83.700   31.500    0.980   20.858
   29.400   15.800    0.000   88.500   29.300    0.875   20.883
   29.600   16.600    0.000   78.300   33.000    0.927   19.984
   30.900   16.200    0.000   87.000   33.800    0.823   17.562
   28.800   21.100    0.000   77.500   50.300    0.905    8.571
   31.600   18.800    0.000   87.700   33.200    0.987   19.390
   31.500   18.600    0.000   85.800   29.300    0.927   17.501
   22.500   16.600    0.000   83.800   21.800    2.177   20.332
   25.200   11.600    0.000   63.000   15.700    1.675   20.219
   27.100   12.800    0.000   74.200    9.700    1.533   20.101
   24.400   11.000    0.000   60.300   30.700    0.950   19.028
   22.100   14.100    0.000   70.200   36.800    1.339   13.065
   22.700   11.500    0.000   64.000   30.200    0.972   17.375
   22.700   12.500    0.000   71.700   34.300    0.830   14.981
   17.200   14.400    5.000   96.000   53.000    0.875    3.010
   21.000   12.900    0.200   96.300   59.200    0.673    7.588
   23.600   10.500    4.100   98.700   43.000    0.755   16.366
   24.500   12.900    0.200   97.700   34.800    0.770   15.278
   19.500   10.800    5.700   94.700   58.800    1.062    6.147
   20.500   12.400   30.100   99.000   65.800    0.808    8.658
   16.600   13.400    0.700   98.000   81.500    1.025    3.280
   21.300   12.300    0.100   98.300   52.300    0.935   14.449
   25.400   11.300    0.000   97.000   48.000    0.883   16.263
   25.600   13.000    0.000   97.700   42.500    0.785   13.998
   23.500   14.700    0.000   95.700   58.000    0.748   12.149
   24.200   14.700    0.000   97.000   47.200    0.501   10.480
   25.000   12.800    0.000   98.300   48.800    0.539   11.343
   26.000   13.000    0.000   98.500   38.300    0.509   13.956
   25.500   12.100    0.000   97.000   44.300    0.524   12.588
   18.800   16.300    5.700   96.300   79.200    1.219    2.190
   20.000   13.500    0.800   95.700   59.300    0.621    3.862
   23.200   11.500    0.100   99.000   53.300    0.553   12.702
   23.400   12.200    0.000   99.000   47.700    0.471   11.073
   22.600   12.400    0.000   98.700   52.700    0.374    9.136
   21.800   11.800    0.100   99.000   59.500    0.404    8.822
   22.900   13.700    0.000   99.000   50.000    0.509    8.871
   24.300   15.200    0.000   94.300   51.200    0.494    7.550
   24.200   13.500    0.000   99.000   52.200    0.479   10.945
   24.800   12.800    0.000   99.000   52.200    0.501   11.933
   25.500   12.400    0.000   99.000   49.700    0.404   11.821
   22.500   13.400    0.000   98.800   58.200    0.598    7.313
   18.800   15.800    0.000   96.700   79.000    1.354    1.415
   23.600   17.300    0.000   90.300   62.000    0.898    6.484
   20.700   16.400    0.100   90.000   69.800    0.770    3.996
   24.100   16.200    0.000   92.700   62.200    1.107    5.736
   23.200   16.600    0.000   90.500   61.800    0.651    6.082
   24.300   14.300    0.000   97.800   56.200    0.636    9.359
   24.000   13.600    0.000   99.000   55.500    0.456    9.622
   23.600   11.900    0.000   99.000   51.200    0.396    8.840
   25.100   11.000    0.100   99.300   45.700    0.411   10.448
   23.800   10.700    0.000   99.200   51.300    0.344    8.521
   24.100   10.800    0.100   99.300   47.200    0.374    9.034
   18.900   11.100    5.100   99.000   67.200    0.539    2.087
   17.400   10.100    0.200   99.300   78.800    0.598    5.262
   17.000   13.400   22.500   99.000   81.700    0.823    3.329
   17.800    8.900   14.000   99.000   50.200    1.578   10.440
   19.300    5.300    0.000   99.000   44.800    0.696   10.119
   16.400    4.300    0.100   99.000   43.000    0.374    7.312
   17.800    3.700    0.100   99.200   43.700    0.494    9.357
   17.500    9.300    0.000   88.500   52.200    0.553    5.557
   12.600   11.700    7.100   99.000   85.200    0.411    0.740
   15.600   10.000    5.200   99.000   83.200    0.501    3.428
   18.300    7.500    0.000   99.700   67.000    0.449    8.414
   15.200    8.500    0.200   99.000   70.300    0.449    4.726
   16.900    7.600    0.400   99.000   53.000    0.703    8.194
   12.900    6.500    2.800   99.000   75.200    0.583    2.942
    9.400    5.200    7.400   99.000   99.000    0.359    1.147
   12.500    7.500    4.100   99.000   84.200    0.598    2.265
   13.000    6.800    0.000   99.200   79.200    0.486    2.874
   16.800    6.900    0.000   99.000   54.200    1.085    7.566
   14.900    4.900    0.000   97.200   59.200    0.636    5.268
   14.400    1.300    0.000   99.000   47.300    0.434    7.894
   13.500    1.100    0.600   99.300   40.700    0.868    6.681
   10.600    3.600   25.200   99.000   83.500    1.212    2.025
   13.700    0.500    0.300   99.500   53.300    0.479    7.935
   15.900    1.300    0.100   99.000   40.300    0.553    7.983
   13.700    4.400    0.000   99.000   60.000    0.643    6.798
   15.200    1.000    0.100   99.200   54.800    0.494    6.906
   13.000    0.800    0.000   99.000   49.800    0.494    7.130
    9.000    4.400    0.000   99.000   68.200    0.411    2.152
    8.300    3.100    0.400   99.000   69.300    0.434    2.461
    6.200    0.800    0.000   99.000   90.200    0.471    1.302
    8.600   -1.700    0.200   99.700   73.200    0.561    6.453
    8.200    3.800    0.000   99.000   77.800    0.568    3.365
    7.700    5.800   17.900   99.000   90.300    0.696    0.644
    9.100    6.900   30.000   99.000   99.000    0.711    1.143
    9.400    4.500    3.000   99.000   99.000    0.935    0.757
    9.100    0.400    0.200  100.000   75.000    0.479    6.672
    6.000   -1.500    0.400   99.000   92.200    0.576    5.710
    8.900    2.600    0.000   99.000   73.500    0.501    4.258
    5.300    3.700   12.700   99.000   96.000    0.905    1.086
    6.700    2.300    0.000   99.000   87.700    0.935    2.074
    7.100    0.500    0.100   99.800   67.800    0.770    5.416
    5.600   -0.700    0.000   99.000   66.000    0.703    5.790
    3.000   -0.500    0.000   99.000   88.200    0.800    1.116
    5.300   -0.100    0.000   98.300   67.700    0.606    2.393
    3.900   -0.900   21.500   99.000   79.000    0.696    0.640
    5.100    1.900    0.900   99.000   95.000    0.703    1.283
    7.000    3.200    0.100   99.000   91.000    0.905    3.606
    9.100    3.400    0.000   99.000   77.000    0.703    4.853
    7.200    4.200    0.000   99.000   77.000    0.613    2.573
    7.500    5.100    0.000   94.300   71.500    0.658    1.469
    9.100    4.800    1.500   99.000   68.300    0.651    1.950
   10.100    5.700    0.000   99.000   72.700    0.673    2.821
   11.300    5.900    0.000   99.000   75.300    0.748    3.007
    9.500    7.100    0.000   99.000   88.000    0.598    1.166
   10.900    8.200    0.000   99.000   81.300    0.494    1.559
   10.800    9.000    0.000   99.000   87.500    0.688    0.667
   13.600    4.600    0.200  100.000   69.200    0.778    5.851
   10.800    5.400    0.000   99.200   86.800    0.598    2.715
   10.200    7.400    1.000   99.000   88.800    0.539    1.761
    8.900    7.500    2.300   99.000   95.700    0.561    0.594
   10.100    6.800    0.000   99.000   81.000    0.598    1.316
